                                 _____________________________

                                        SaTScan v9.4.2
                                 _____________________________


Program run on: Sun Aug 28 17:56:22 2016

Retrospective Space-Time analysis
scanning for clusters with low rates
using the Space-Time Permutation model.
_______________________________________________________________________________________________

SUMMARY OF DATA

Study period.......................: 0 to 743
Number of locations................: 3874
Total number of cases..............: 19710168
_______________________________________________________________________________________________
1.Location IDs included.: 689, 2625, 3198, 2624, 2627, 3190, 2654, 2746, 2402, 2688, 422, 431,
                          3868, 2621, 1145, 2620, 2772, 2618, 1204, 1193, 742, 3533, 3452,
                          1203, 1207, 3032, 688, 1205, 1073, 3189, 3197, 1190, 1080, 2745,
                          3464, 3572, 2630, 2653, 3476, 357, 136, 1214, 3199, 1081, 3033, 2655,
                          3519, 430, 1199, 1075, 3530, 133, 1988, 546, 3191, 423, 421, 654,
                          1179, 2747, 1212, 299, 974, 1353, 1169, 1786, 2616, 1146, 2633, 1211,
                          3211, 2094, 432, 1185, 2773, 614, 2613, 966, 2501, 3463, 888, 925,
                          1184, 3609, 3249, 882, 2779, 3173, 487, 2323, 3720, 2635, 1327, 1225,
                          2777, 547, 1486, 3831, 2612, 1188, 3465, 1096, 545, 1792, 3515, 2095,
                          3744, 2081, 1989, 1392, 926, 1229, 1379, 3074, 762, 1794, 1174, 3254,
                          450, 2611, 2744, 3827, 924, 163, 2055, 1333, 1097, 1391, 2814, 1216,
                          2082, 3347, 1173, 1904, 3231, 1314, 1095, 1238, 637, 3872, 427, 3296,
                          3200, 2986, 2657, 690, 2405, 272, 1332, 2985, 424, 2981, 3375, 3228,
                          1944, 1985, 3192, 1393, 1147, 2609, 1166, 2749, 1686, 2774, 2973,
                          1959, 771, 162, 2988, 1250, 433, 1780, 1164, 3758, 2780, 2970, 2042,
                          2552, 1554, 729, 292, 548, 1606, 2558, 2964, 1236, 2092, 2993, 1168,
                          1679, 2963, 3760, 755, 3187, 701, 2547, 930, 439, 3352, 1232, 3467,
                          1515, 2607, 2996, 2559, 769, 1990, 3434, 754, 1559, 3711, 2280, 1098,
                          1158, 2834, 2606, 440, 1973, 3439, 3761, 2959, 1560, 2556, 3723,
                          1247, 820, 1340, 2927, 489, 814, 2605, 2039, 438, 1249, 3000, 2656,
                          2958, 1326, 671, 3355, 2038, 2553, 2920, 1394, 1256, 827, 3343, 3003,
                          2957, 3354, 2604, 1325, 1243, 1116, 2335, 2096, 1572, 411, 2784,
                          1117, 3342, 2537, 1254, 1114, 441, 1981, 3791, 2344, 2536, 2658,
                          3681, 2406, 3201, 1115, 425, 691, 409, 977, 2603, 1252, 3034, 2282,
                          2954, 1148, 3679, 3100, 2775, 3193, 2889, 3792, 2887, 2663, 3684,
                          2751, 1113, 2885, 3680, 3678, 466, 3763, 3004, 2781, 2198, 2883, 549,
                          2602, 1112, 434, 1282, 1111, 2882, 3686, 3677, 1536, 3006, 1274,
                          2667, 2880, 1603, 3250
  Coordinates...........: (3.16253e+08,4.03487e+08)
  Semiminor axis........: 17509.67
  Semimajor axis........: 87548.34
  Angle (degrees).......: -60.00
  Shape.................: 5.00
  Time frame............: 2011-10-29_22 to 2011-10-30_4
  Number of cases.......: 15325
  Expected cases........: 42252.87
  Observed / expected...: 0.36
  Test statistic........: 11404.050851

2.Location IDs included.: 3198, 2627, 689, 2654, 2625, 2402, 2624, 3190, 422, 2746, 3868, 2688,
                          1145, 431, 2772, 2621, 742, 2620, 3533, 1204, 2630, 1203, 1193, 1205,
                          3452, 688, 3197, 3032, 3572, 1080, 1073, 1207, 2618, 2653, 3189,
                          1214, 546, 3519, 1190, 2745, 1081, 133, 2655, 3199, 136, 3530, 421,
                          3476, 357, 3033, 423, 3464, 1212, 1075, 2633, 974, 299, 430, 1199,
                          3191, 1211, 1146, 3211, 654, 1179, 2747, 1988, 2773, 614, 925, 2501,
                          1353, 1786, 1169, 888, 3609, 2616, 432, 882, 2094, 2779, 2635, 1185,
                          966, 1225, 2777, 547, 3463, 2613, 1184, 1096, 3249, 545, 3515, 3720,
                          1792, 3173, 2323, 487, 1327, 762, 3831, 1229, 926, 1486, 1379, 1188,
                          3465, 2095, 2612, 1794, 450, 3827, 3744, 924, 163, 2081, 1989, 1097,
                          1392, 1216, 3074, 2814, 1904, 1174, 3254, 3231, 2744, 1095, 1238,
                          2611, 1333, 2055, 272, 1332, 1391, 3228, 3872, 1944, 2082, 3347,
                          1173, 2657, 2986, 2405, 3200, 424, 690, 1686, 771, 1985, 1314, 2985,
                          162, 1147, 1250, 2981, 427, 637, 2774, 3296, 3192, 2988, 2552, 2749,
                          2558, 3375, 1606, 2780, 1236, 2973, 1393, 1166, 548, 729, 2609, 433,
                          1554, 755, 2993, 1959, 439, 2547, 2970, 1232, 1780, 1164, 930, 3758,
                          701, 2964, 2559, 2042, 292, 2996, 2280, 2963, 754, 2092, 3711, 1168,
                          1679, 1098, 440, 3467, 3760, 3187, 2556, 3352, 1247, 820, 3761, 1990,
                          1515, 2927, 2607, 769, 3434, 1340, 438, 2834, 1559, 3723, 1249, 2656,
                          1158, 3000, 1326, 2959, 2606, 1973, 3439, 1560, 2920, 1256, 827,
                          2553, 489, 3343, 814, 2605, 2039, 1325, 3003, 2958, 1243, 2335, 411,
                          1572, 1394, 671, 2038, 3355, 3342, 1254, 3791, 2344, 441, 2957, 3354,
                          409, 2604, 1252, 1116, 2096, 2282, 3792, 2663, 2784, 2658, 2406,
                          1117, 425, 3681, 977, 2198, 3201, 1148, 3004, 691, 2537, 1981, 1282,
                          2775, 3034, 1114, 3684, 3679, 1536, 2781, 3193, 2889, 2667, 2887,
                          2536, 549, 3006, 2751, 2954, 1115, 3790, 3686, 2885, 2603, 3678,
                          3724, 3100, 2883, 1603, 434, 363, 3763, 2219, 1113, 2882, 2670, 3677,
                          3680, 466, 2474, 1902, 2880, 1112, 2602, 3250, 1251
  Coordinates...........: (3.16255e+08,4.03484e+08)
  Semiminor axis........: 17730.69
  Semimajor axis........: 88653.43
  Angle (degrees).......: -60.00
  Shape.................: 5.00
  Time frame............: 2011-10-8_23 to 2011-10-9_5
  Number of cases.......: 12615
  Expected cases........: 36037.32
  Observed / expected...: 0.35
  Test statistic........: 10194.792989

3.Location IDs included.: 3198, 2627, 689, 2654, 2625, 2402, 2624, 3190, 422, 2746, 3868, 2688,
                          1145, 431, 2772, 2621, 742, 2620, 3533, 1204, 2630, 1203, 1193, 1205,
                          3452, 688, 3197, 3032, 3572, 1080, 1073, 1207, 2618, 2653, 3189,
                          1214, 546, 3519, 1190, 2745, 1081, 133, 2655, 3199, 136, 3530, 421,
                          3476, 357, 3033, 423, 3464, 1212, 1075, 2633, 974, 299, 430, 1199,
                          3191, 1211, 1146, 3211, 654, 1179, 2747, 1988, 2773, 614, 925, 2501,
                          1353, 1786, 1169, 888, 3609, 2616, 432, 882, 2094, 2779, 2635, 1185,
                          966, 1225, 2777, 547, 3463, 2613, 1184, 1096, 3249, 545, 3515, 3720,
                          1792, 3173, 2323, 487, 1327, 762, 3831, 1229, 926, 1486, 1379, 1188,
                          3465, 2095, 2612, 1794, 450, 3827, 3744, 924, 163, 2081, 1989, 1097,
                          1392, 1216, 3074, 2814, 1904, 1174, 3254, 3231, 2744, 1095, 1238,
                          2611, 1333, 2055, 272, 1332, 1391, 3228, 3872, 1944, 2082, 3347,
                          1173, 2657, 2986, 2405, 3200, 424, 690, 1686, 771, 1985, 1314, 2985,
                          162, 1147, 1250, 2981, 427, 637, 2774, 3296, 3192, 2988, 2552, 2749,
                          2558, 3375, 1606, 2780, 1236, 2973, 1393, 1166, 548, 729, 2609, 433,
                          1554, 755, 2993, 1959, 439, 2547, 2970, 1232, 1780, 1164, 930, 3758,
                          701, 2964, 2559, 2042, 292, 2996, 2280, 2963, 754, 2092, 3711, 1168,
                          1679, 1098, 440, 3467, 3760, 3187, 2556, 3352, 1247, 820, 3761, 1990,
                          1515, 2927, 2607, 769, 3434, 1340, 438, 2834, 1559, 3723, 1249, 2656,
                          1158, 3000, 1326, 2959, 2606, 1973, 3439, 1560, 2920, 1256, 827,
                          2553, 489, 3343, 814, 2605, 2039, 1325, 3003, 2958, 1243, 2335, 411,
                          1572, 1394, 671, 2038, 3355, 3342, 1254, 3791, 2344, 441, 2957, 3354,
                          409, 2604, 1252, 1116, 2096, 2282, 3792, 2663, 2784, 2658, 2406,
                          1117, 425, 3681, 977, 2198, 3201, 1148, 3004, 691, 2537, 1981, 1282,
                          2775, 3034, 1114, 3684, 3679, 1536, 2781, 3193, 2889, 2667, 2887,
                          2536, 549, 3006, 2751, 2954, 1115, 3790, 3686, 2885, 2603, 3678,
                          3724, 3100, 2883, 1603, 434, 363, 3763, 2219, 1113, 2882, 2670, 3677,
                          3680, 466, 2474, 1902, 2880, 1112, 2602, 3250, 1251, 1111
  Coordinates...........: (3.16255e+08,4.03484e+08)
  Semiminor axis........: 17749.80
  Semimajor axis........: 88748.98
  Angle (degrees).......: -60.00
  Shape.................: 5.00
  Time frame............: 2011-10-1_22 to 2011-10-2_4
  Number of cases.......: 16622
  Expected cases........: 41971.64
  Observed / expected...: 0.40
  Test statistic........: 9969.655362

4.Location IDs included.: 3198, 2627, 689, 2654, 2625, 2402, 2624, 3190, 422, 2746, 3868, 2688,
                          1145, 431, 2772, 2621, 742, 2620, 3533, 1204, 2630, 1203, 1193, 1205,
                          3452, 688, 3197, 3032, 3572, 1080, 1073, 1207, 2618, 2653, 3189,
                          1214, 546, 3519, 1190, 2745, 1081, 133, 2655, 3199, 136, 3530, 421,
                          3476, 357, 3033, 423, 3464, 1212, 1075, 2633, 974, 299, 430, 1199,
                          3191, 1211, 1146, 3211, 654, 1179, 2747, 1988, 2773, 614, 925, 2501,
                          1353, 1786, 1169, 888, 3609, 2616, 432, 882, 2094, 2779, 2635, 1185,
                          966, 1225, 2777, 547, 3463, 2613, 1184, 1096, 3249, 545, 3515, 3720,
                          1792, 3173, 2323, 487, 1327, 762, 3831, 1229, 926, 1486, 1379, 1188,
                          3465, 2095, 2612, 1794, 450, 3827, 3744, 924, 163, 2081, 1989, 1097,
                          1392, 1216, 3074, 2814, 1904, 1174, 3254, 3231, 2744, 1095, 1238,
                          2611, 1333, 2055, 272, 1332, 1391, 3228, 3872, 1944, 2082, 3347,
                          1173, 2657, 2986, 2405, 3200, 424, 690, 1686, 771, 1985, 1314, 2985,
                          162, 1147, 1250, 2981, 427, 637, 2774, 3296, 3192, 2988, 2552, 2749,
                          2558, 3375, 1606, 2780, 1236, 2973, 1393, 1166, 548, 729, 2609, 433,
                          1554, 755, 2993, 1959, 439, 2547, 2970, 1232, 1780, 1164, 930, 3758,
                          701, 2964, 2559, 2042, 292, 2996, 2280, 2963, 754, 2092, 3711, 1168,
                          1679, 1098, 440, 3467, 3760, 3187, 2556, 3352, 1247, 820, 3761, 1990,
                          1515, 2927, 2607, 769, 3434, 1340, 438, 2834, 1559, 3723, 1249, 2656,
                          1158, 3000, 1326, 2959, 2606, 1973, 3439, 1560, 2920, 1256, 827,
                          2553, 489, 3343, 814, 2605, 2039, 1325, 3003, 2958, 1243, 2335, 411,
                          1572, 1394, 671, 2038, 3355, 3342, 1254, 3791, 2344, 441, 2957, 3354,
                          409, 2604, 1252, 1116, 2096, 2282, 3792, 2663, 2784, 2658, 2406,
                          1117, 425, 3681, 977, 2198, 3201, 1148, 3004, 691, 2537, 1981, 1282,
                          2775, 3034, 1114, 3684, 3679, 1536, 2781, 3193, 2889, 2667, 2887,
                          2536, 549, 3006, 2751, 2954, 1115, 3790, 3686, 2885, 2603, 3678,
                          3724, 3100, 2883, 1603, 434, 363, 3763, 2219, 1113, 2882, 2670, 3677,
                          3680, 466, 2474, 1902, 2880, 1112, 2602, 3250, 1251, 1111
  Coordinates...........: (3.16255e+08,4.03484e+08)
  Semiminor axis........: 17749.80
  Semimajor axis........: 88748.98
  Angle (degrees).......: -60.00
  Shape.................: 5.00
  Time frame............: 2011-10-7_23 to 2011-10-8_5
  Number of cases.......: 10659
  Expected cases........: 32275.19
  Observed / expected...: 0.33
  Test statistic........: 9819.065857

5.Location IDs included.: 2653, 1080, 3519, 3197, 421, 688, 974, 3032, 3211, 1073, 1794, 2501,
                          3189, 882, 2745, 3872, 2777, 2402, 2654, 422, 2627, 357, 3198, 3868,
                          545, 689, 1145, 2625, 430, 729, 2772, 1379, 2624, 742, 701, 654,
                          3190, 3720, 2630, 1554, 924, 2746, 546, 1353, 3831, 2814, 2688, 2633,
                          2094, 2095, 431, 3723, 1095, 925, 3463, 2621, 2635, 3228, 2620, 3173,
                          1096, 162, 2618, 1205, 762, 3572, 1203, 1486, 1214, 3533, 133, 1204,
                          1606, 1212, 1193, 3464, 1211, 3452, 163, 3744, 3530, 423, 2655, 614,
                          1207, 299, 1081, 1146, 3199, 1988, 2547, 3609, 1190, 136, 2773, 1904,
                          888, 3033, 3476, 1225, 3074, 2779, 1075, 2616, 1199, 547, 3191, 754,
                          3515, 272, 2747, 1792, 1179, 2744, 1229, 2613, 2889, 1786, 926, 2556,
                          1169, 771, 3827, 2887, 432, 1391, 450, 487, 1185, 1216, 2885, 966,
                          438, 2558, 1097, 1184, 1238, 1314, 2612, 3249, 2883, 3231, 439, 2920,
                          2323, 1944, 1327, 2882, 1332, 3375, 1392, 1188, 3465, 1250, 2280,
                          1686, 2880, 1325, 2611, 1959, 2081, 1989, 2879, 2552, 1236, 820,
                          3342, 1174, 3235, 3254, 2082, 648, 1232, 3064, 755, 292, 424, 2405,
                          2657, 1985, 1147, 2656, 2986, 3200, 2774, 2055, 1333, 409, 2988, 690,
                          2559, 2877, 3711, 2780, 637, 2985, 3187, 548, 2981, 827, 3347, 2993,
                          1173, 3192, 440, 2876, 1247, 2198, 2749, 930, 2609, 3434, 427, 2973,
                          2996, 3296, 2335, 2927, 2875, 1249, 433, 1098, 3790, 3758, 1393,
                          2970, 1166, 1973, 3761, 1326, 2874, 1256, 3791, 2964, 1340, 1780,
                          1902, 1679, 1164, 2042, 3343, 2963, 2872, 3000, 1243, 814, 2663,
                          2092, 3467, 2553, 1168, 411, 3760, 2607, 2870, 3457, 1254, 1990, 671,
                          3003, 3352, 2667, 2344, 1515, 2869, 769, 2606, 2834, 1252, 1572, 627,
                          1559, 731, 3354, 2959, 2670, 3361, 3792, 1158, 441, 2867, 3439, 1282,
                          2605, 489, 1560, 2282, 2784, 1536, 2411, 2864, 2039, 2958, 3724,
                          1294, 3004, 3355, 1289, 977, 425, 2406, 1148, 2658, 2775, 3681, 363,
                          1394, 2536, 736, 1288, 3684, 3201, 3006, 1296, 2781, 691, 2038, 1251,
                          549, 3034, 3174, 3686, 2604, 3679, 1015
  Coordinates...........: (3.16253e+08,4.03477e+08)
  Semiminor axis........: 22494.88
  Semimajor axis........: 89979.53
  Angle (degrees).......: -60.00
  Shape.................: 4.00
  Time frame............: 2011-10-15_22 to 2011-10-16_4
  Number of cases.......: 17086
  Expected cases........: 42588.02
  Observed / expected...: 0.40
  Test statistic........: 9913.720022

6.Location IDs included.: 688, 3032, 3197, 1080, 1073, 2653, 3189, 3519, 2745, 357, 421, 430,
                          974, 1794, 654, 3211, 3720, 3198, 689, 2627, 2625, 1353, 2654, 2624,
                          2501, 3831, 3872, 2402, 3190, 422, 2094, 2746, 882, 2095, 2688, 1554,
                          3868, 3463, 431, 1145, 2777, 729, 2621, 2772, 701, 3173, 545, 2620,
                          742, 3723, 1486, 2618, 1379, 2630, 3744, 3464, 546, 924, 1988, 2633,
                          3074, 2814, 2616, 925, 1204, 3533, 1193, 2744, 1203, 3452, 1205,
                          1207, 1095, 3572, 1190, 2613, 1214, 2635, 3476, 1391, 3199, 136,
                          1081, 133, 1199, 2655, 3033, 3530, 3228, 1075, 487, 423, 1212, 1179,
                          3191, 1096, 299, 2747, 2889, 1211, 1169, 1314, 1146, 1786, 2887, 162,
                          2612, 614, 1185, 2773, 432, 762, 2885, 888, 3609, 966, 3375, 1184,
                          1392, 2883, 1606, 2779, 3249, 163, 1225, 2323, 2882, 547, 1327, 1959,
                          2611, 3515, 1188, 1904, 2547, 1792, 2880, 3465, 2081, 1229, 292,
                          2082, 2879, 926, 1989, 272, 754, 1174, 3827, 450, 3254, 648, 3187,
                          637, 2055, 1216, 771, 1333, 1097, 2877, 2556, 3235, 2609, 3434, 1173,
                          1238, 3347, 3231, 2876, 2558, 438, 3296, 427, 1332, 1944, 3758, 2875,
                          1973, 3200, 2986, 2657, 690, 439, 2405, 2985, 424, 2981, 3064, 2920,
                          1166, 1393, 1686, 1985, 3192, 1250, 2874, 1147, 2749, 1679, 814,
                          2774, 2973, 2042, 2280, 1780, 1164, 2988, 433, 2552, 2872, 1325,
                          1236, 2780, 2970, 2607, 3760, 548, 2092, 2964, 671, 1168, 820, 755,
                          2870, 1232, 2993, 2963, 3342, 2606, 3352, 769, 930, 3467, 1515, 2559,
                          2869, 2656, 3711, 3354, 2996, 1990, 409, 1559, 3439, 2605, 440, 1158,
                          2867, 1098, 1247, 2834, 827, 2784, 1560, 2959, 3761, 2198, 2927,
                          2039, 2864, 1249, 3355, 1340, 489, 2335, 2536, 1326, 3790, 736, 2958,
                          3000, 2038, 1256, 2604, 3791, 3680, 1394, 3343, 2553, 1627, 1243,
                          1902, 3361, 2537, 1294, 2957, 3003, 1289, 1116, 2663, 411, 2067,
                          1288, 2858, 1254, 2096, 3174, 1572, 2603, 1296, 3457, 1117, 1286,
                          2658, 3681, 2344, 3201, 2406, 691, 1114, 425, 3034, 457, 1981, 2667,
                          3365, 977, 3870, 3679, 1252, 441, 1148, 3193, 2775, 1284, 2751, 2602,
                          1115, 3684, 3678, 627, 3792, 2954, 3100, 1283, 2781, 2282, 434, 2856,
                          731, 37, 2670, 549, 3677, 1282, 1113, 3865, 3686, 466, 3763, 3250,
                          2601, 3004, 1112, 1536, 1111, 1280, 1603, 719, 2854, 2411, 732
  Coordinates...........: (3.16249e+08,4.03484e+08)
  Semiminor axis........: 23500.16
  Semimajor axis........: 94000.64
  Angle (degrees).......: -60.00
  Shape.................: 4.00
  Time frame............: 2011-10-28_23 to 2011-10-29_5
  Number of cases.......: 16169
  Expected cases........: 41193.41
  Observed / expected...: 0.39
  Test statistic........: 9919.383463


