                                 _____________________________

                                        SaTScan v9.4.2
                                 _____________________________


Program run on: Sun Aug 28 16:23:35 2016

Retrospective Space-Time analysis
scanning for clusters with low rates
using the Space-Time Permutation model.
_______________________________________________________________________________________________

SUMMARY OF DATA

Study period.......................: 0 to 743
Number of locations................: 3874
Total number of cases..............: 19756212
_______________________________________________________________________________________________
1.Location IDs included.: 2620, 2618, 2621, 431, 3464, 2688, 1988, 2746, 2616, 3190, 2613,
                          2624, 487, 2625, 2612, 689, 1392, 3198, 2611, 1169, 1185, 1179, 1184,
                          1199, 2323, 2094, 3476, 1353, 3463, 654, 3173, 2627, 430, 1190, 1188,
                          2082, 1486, 357, 2081, 1207, 966, 432, 3249, 3744, 1786, 1327, 2745,
                          2747, 3465, 1174, 2654, 3452, 3074, 637, 3191, 3189, 1989, 2744,
                          2055, 1193, 1075, 3254, 1073, 2402, 3033, 1391, 1333, 2609, 1173,
                          1204, 3032, 136, 3347, 1314, 3296, 3533, 422, 688, 3758, 3199, 427,
                          3720, 3375, 1166, 3831, 2095, 1203, 2042, 3197, 1081, 1393, 1959,
                          1679, 3868, 1164, 1205, 1080, 2655, 1780, 3760, 292, 1168, 2607,
                          1145, 3530, 3572, 2653, 2092, 769, 3187, 1515, 423, 3352, 3519, 1214,
                          2606, 2772, 3434, 3439, 1158, 1559, 299, 421, 133, 742, 2605, 1973,
                          2039, 1560
  Coordinates...........: (3.16243e+08,4.03506e+08)
  Semiminor axis........: 9963.03
  Semimajor axis........: 49815.17
  Angle (degrees).......: -60.00
  Shape.................: 5.00
  Time frame............: 2011-10-30_1 to 2011-10-30_3
  Number of cases.......: 1770
  Expected cases........: 7572.79
  Observed / expected...: 0.23
  Test statistic........: 3230.810144

2.Location IDs included.: 2620, 2618, 2621, 431, 3464, 2688, 1988, 2746, 2616, 3190, 2613,
                          2624, 487, 2625, 2612, 689, 1392, 3198, 2611, 1169, 1185, 1179, 1184,
                          1199, 2323, 2094, 3476, 1353, 3463, 654, 3173, 2627, 430, 1190, 1188,
                          2082, 1486, 357, 2081, 1207, 966, 432, 3249, 3744, 1786, 1327, 2745,
                          2747, 3465, 1174, 2654, 3452, 3074, 637, 3191, 3189, 1989, 2744,
                          2055, 1193, 1075, 3254, 1073, 2402, 3033, 1391, 1333, 2609, 1173,
                          1204, 3032, 136, 3347, 1314, 3296, 3533, 422, 688, 3758, 3199, 427,
                          3720, 3375, 1166, 3831, 2095, 1203, 2042, 3197, 1081, 1393, 1959,
                          1679, 3868, 1164, 1205, 1080, 2655, 1780, 3760, 292, 1168, 2607,
                          1145, 3530, 3572, 2653, 2092, 769, 3187, 1515, 423, 3352, 3519, 1214,
                          2606, 2772, 3434, 3439, 1158, 1559, 299, 421, 133, 742, 2605, 1973,
                          2039, 1560
  Coordinates...........: (3.16243e+08,4.03506e+08)
  Semiminor axis........: 9963.03
  Semimajor axis........: 49815.17
  Angle (degrees).......: -60.00
  Shape.................: 5.00
  Time frame............: 2011-10-9_1 to 2011-10-9_3
  Number of cases.......: 1755
  Expected cases........: 7317.17
  Observed / expected...: 0.24
  Test statistic........: 3057.255639

3.Location IDs included.: 2621, 2620, 431, 2618, 2688, 2746, 3464, 3190, 1988, 2624, 2616,
                          2625, 2613, 689, 487, 3198, 2612, 2627, 1392, 1179, 1169, 1199, 1185,
                          3476, 1184, 1353, 654, 1190, 2094, 430, 3463, 2654, 2323, 357, 1207,
                          2611, 3173, 2745, 1188, 3452, 432, 1486, 1786, 966, 3249, 2747, 3189,
                          1327, 3191, 2081, 2402, 3744, 1193, 2082, 1075, 3465, 1073, 3074,
                          1174, 1204, 3033, 1989, 3032, 2744, 422, 136, 637, 3254, 2055, 3533,
                          688, 3199, 1333, 1391, 1173, 1203, 3197, 2609, 3720, 3868, 1081,
                          3347, 1314, 3831, 2095, 3296, 1205, 1080, 2655, 427, 3375, 3758,
                          1145, 1166, 3572, 2653, 3530, 1393, 2042, 1959, 1164, 1679, 2772,
                          1780, 3519, 423, 1214, 292, 3760, 1168, 2092, 299, 2607, 133, 421,
                          742, 3187, 769, 1515, 3352, 1146, 1212, 974, 2606, 2630, 3434, 3439,
                          1559, 1158
  Coordinates...........: (3.16244e+08,4.03504e+08)
  Semiminor axis........: 9971.97
  Semimajor axis........: 49859.86
  Angle (degrees).......: -60.00
  Shape.................: 5.00
  Time frame............: 2011-10-2_1 to 2011-10-2_3
  Number of cases.......: 1620
  Expected cases........: 7079.62
  Observed / expected...: 0.23
  Test statistic........: 3071.218606

4.Location IDs included.: 2620, 2618, 2621, 431, 3464, 2688, 1988, 2746, 2616, 3190, 2613,
                          2624, 487, 2625, 2612, 689, 1392, 3198, 2611, 1169, 1185, 1179, 1184,
                          1199, 2323, 2094, 3476, 1353, 3463, 654, 3173, 2627, 430, 1190, 1188,
                          2082, 1486, 357, 2081, 1207, 966, 432, 3249, 3744, 1786, 1327, 2745,
                          2747, 3465, 1174, 2654, 3452, 3074, 637, 3191, 3189, 1989, 2744,
                          2055, 1193, 1075, 3254, 1073, 2402, 3033, 1391, 1333, 2609, 1173,
                          1204, 3032, 136, 3347, 1314, 3296, 3533, 422, 688, 3758, 3199, 427,
                          3720, 3375, 1166, 3831, 2095, 1203, 2042, 3197, 1081, 1393, 1959,
                          1679, 3868, 1164, 1205, 1080, 2655, 1780, 3760, 292, 1168, 2607,
                          1145, 3530, 3572, 2653, 2092, 769, 3187, 1515, 423, 3352, 3519, 1214,
                          2606, 2772, 3434, 3439, 1158, 1559, 299, 421, 133, 742, 2605, 1973,
                          2039, 1560
  Coordinates...........: (3.16243e+08,4.03506e+08)
  Semiminor axis........: 9963.03
  Semimajor axis........: 49815.17
  Angle (degrees).......: -60.00
  Shape.................: 5.00
  Time frame............: 2011-10-8_1 to 2011-10-8_3
  Number of cases.......: 1298
  Expected cases........: 6372.18
  Observed / expected...: 0.20
  Test statistic........: 3009.572360

5.Location IDs included.: 487, 2612, 2613, 1392, 2616, 2611, 1988, 2082, 3464, 637, 2618, 2609,
                          2620, 3758, 2621, 1679, 431, 2042, 2607, 2688, 1174, 3760, 2055,
                          2081, 1173, 1188, 2744, 3296, 3074, 1391, 2323, 3744, 1314, 2606,
                          1166, 1486, 769, 3375, 2746, 1184, 3173, 1164, 1959, 1333, 3347,
                          3254, 1185, 427, 1989, 3463, 292, 1393, 3439, 1168, 3465, 2605, 3190,
                          1169, 1780, 1327, 2094, 3187, 1515, 2092, 1179, 3249, 2039, 1353,
                          3434, 3352, 3355, 1158, 2624, 966, 1199, 654, 1973, 1559, 432, 2038,
                          3476, 2604, 2625, 430, 1560, 814, 1786, 1190, 357, 2747, 671, 2537,
                          689, 1207, 2745, 3191, 1116, 3354, 2095, 2603, 3198, 3452, 1075,
                          3189, 3831, 3720, 2784, 1114, 1117, 3033, 2602, 2627, 1193, 1073,
                          2536, 3100, 1115, 136, 1204, 3032, 2601, 1113, 2654, 3680, 1111, 466,
                          1112
  Coordinates...........: (3.16234e+08,4.03522e+08)
  Semiminor axis........: 9978.08
  Semimajor axis........: 49890.41
  Angle (degrees).......: -60.00
  Shape.................: 5.00
  Time frame............: 2011-10-29_1 to 2011-10-29_3
  Number of cases.......: 2138
  Expected cases........: 7908.80
  Observed / expected...: 0.27
  Test statistic........: 2974.924539

6.Location IDs included.: 2618, 2620, 3464, 2621, 1988, 431, 2616, 2688, 2613, 2746, 487, 3190,
                          2612, 2624, 1392, 2625, 2611, 689, 1185, 2082, 1169, 1184, 2323,
                          1179, 3463, 1199, 1188, 2094, 3173, 1353, 1486, 3198, 2081, 3476,
                          654, 637, 3744, 430, 1174, 1190, 3249, 966, 1327, 3074, 432, 3465,
                          357, 1786, 1989, 2627, 2055, 1207, 2744, 2609, 2747, 2745, 3254,
                          1173, 1391, 3452, 3191, 1333, 3189, 2654, 1075, 1314, 3347, 3758,
                          3296, 1193, 1073, 3033, 427, 3375, 1166, 2042, 1204, 2402, 3032,
                          1679, 136, 1393, 1959, 3720, 1164, 3533, 2095, 3831, 3760, 688, 3199,
                          1780, 422, 292, 2607, 1168, 1203, 1081, 3197, 2092, 769, 3187, 2606,
                          3868, 1515, 1205, 2655, 1080, 3352, 3439, 3434, 3530, 1158, 1559,
                          3572, 2653, 1145, 2605, 1973, 2039, 423, 1560, 3519, 1214, 2772, 814,
                          3355, 2038, 299
  Coordinates...........: (3.16241e+08,4.03509e+08)
  Semiminor axis........: 9992.93
  Semimajor axis........: 49964.67
  Angle (degrees).......: -60.00
  Shape.................: 5.00
  Time frame............: 2011-10-23_1 to 2011-10-23_3
  Number of cases.......: 1877
  Expected cases........: 7433.59
  Observed / expected...: 0.25
  Test statistic........: 2974.003711

7.Location IDs included.: 2618, 2620, 3464, 2621, 1988, 431, 2616, 2688, 2613, 2746, 487, 3190,
                          2612, 2624, 1392, 2625, 2611, 689, 1185, 2082, 1169, 1184, 2323,
                          1179, 3463, 1199, 1188, 2094, 3173, 1353, 1486, 3198, 2081, 3476,
                          654, 637, 3744, 430, 1174, 1190, 3249, 966, 1327, 3074, 432, 3465,
                          357, 1786, 1989, 2627, 2055, 1207, 2744, 2609, 2747, 2745, 3254,
                          1173, 1391, 3452, 3191, 1333, 3189, 2654, 1075, 1314, 3347, 3758,
                          3296, 1193, 1073, 3033, 427, 3375, 1166, 2042, 1204, 2402, 3032,
                          1679, 136, 1393, 1959, 3720, 1164, 3533, 2095, 3831, 3760, 688, 3199,
                          1780, 422, 292, 2607, 1168, 1203, 1081, 3197, 2092, 769, 3187, 2606,
                          3868, 1515, 1205, 2655, 1080, 3352, 3439, 3434, 3530, 1158, 1559,
                          3572, 2653, 1145, 2605, 1973, 2039, 423, 1560, 3519, 1214, 2772, 814,
                          3355, 2038, 299
  Coordinates...........: (3.16241e+08,4.03509e+08)
  Semiminor axis........: 9992.93
  Semimajor axis........: 49964.67
  Angle (degrees).......: -60.00
  Shape.................: 5.00
  Time frame............: 2011-10-16_1 to 2011-10-16_3
  Number of cases.......: 2000
  Expected cases........: 7553.47
  Observed / expected...: 0.26
  Test statistic........: 2896.539138

8.Location IDs included.: 2620, 2618, 2621, 431, 3464, 2688, 1988, 2746, 2616, 3190, 2613,
                          2624, 487, 2625, 2612, 689, 1392, 3198, 2611, 1169, 1185, 1179, 1184,
                          1199, 2323, 2094, 3476, 1353, 3463, 654, 3173, 2627, 430, 1190, 1188,
                          2082, 1486, 357, 2081, 1207, 966, 432, 3249, 3744, 1786, 1327, 2745,
                          2747, 3465, 1174, 2654, 3452, 3074, 637, 3191, 3189, 1989, 2744,
                          2055, 1193, 1075, 3254, 1073, 2402, 3033, 1391, 1333, 2609, 1173,
                          1204, 3032, 136, 3347, 1314, 3296, 3533, 422, 688, 3758, 3199, 427,
                          3720, 3375, 1166, 3831, 2095, 1203, 2042, 3197, 1081, 1393, 1959,
                          1679, 3868, 1164, 1205, 1080, 2655, 1780, 3760, 292, 1168, 2607,
                          1145, 3530, 3572, 2653, 2092, 769, 3187, 1515, 423, 3352, 3519, 1214,
                          2606, 2772, 3434, 3439, 1158, 1559, 299, 421, 133, 742, 2605, 1973,
                          2039, 1560
  Coordinates...........: (3.16243e+08,4.03506e+08)
  Semiminor axis........: 9963.03
  Semimajor axis........: 49815.17
  Angle (degrees).......: -60.00
  Shape.................: 5.00
  Time frame............: 2011-10-22_1 to 2011-10-22_3
  Number of cases.......: 1595
  Expected cases........: 6740.11
  Observed / expected...: 0.24
  Test statistic........: 2847.070780

9.Location IDs included.: 742, 2630, 2772, 546, 1145, 3868, 2633, 422, 925, 2635, 2402, 2654,
                          1096, 2627, 762, 3198, 163, 614, 1211, 3609, 689, 1904, 1212, 1225,
                          133, 2501, 882, 3211, 3515, 2777, 974, 1214, 545, 1229, 421, 2625,
                          272, 3572, 2779, 1379, 3827, 3519, 547, 888, 2773, 1792, 924, 1146,
                          1205, 2653, 926, 1216, 2624, 299, 450, 2814, 771, 1080, 1203, 423,
                          1238, 1097, 1095, 3197, 3530, 3533, 3190, 3231, 1944, 2558, 3228,
                          2655, 688, 1332, 1204, 1250, 2746, 162, 1081, 1686, 3032, 439, 1193,
                          1236, 3199, 1606, 2552, 1073, 2688, 3452, 2280, 136, 1232, 2547,
                          3189, 755, 1207, 431, 3033, 820, 3711, 1794, 2559, 2745, 754, 1190,
                          1075, 2621, 440, 1247, 2556, 2656, 357, 3476, 3191, 2927, 1249, 2620,
                          438, 430, 827, 1199, 2747
  Coordinates...........: (3.16266e+08,4.03464e+08)
  Semiminor axis........: 9993.46
  Semimajor axis........: 49967.30
  Angle (degrees).......: -60.00
  Shape.................: 5.00
  Time frame............: 2011-10-1_0 to 2011-10-1_2
  Number of cases.......: 954
  Expected cases........: 5373.42
  Observed / expected...: 0.18
  Test statistic........: 2770.872971

10.Location IDs included.: 2621, 2620, 431, 2618, 2688, 2746, 3464, 3190, 1988, 2624, 2616,
                          2625, 2613, 689, 487, 3198, 2612, 2627, 1392, 1179, 1169, 1199, 1185,
                          3476, 1184, 1353, 654, 1190, 2094, 430, 3463, 2654, 2323, 357, 1207,
                          2611, 3173, 2745, 1188, 3452, 432, 1486, 1786, 966, 3249, 2747, 3189,
                          1327, 3191, 2081, 2402, 3744, 1193, 2082, 1075, 3465, 1073, 3074,
                          1174, 1204, 3033, 1989, 3032, 2744, 422, 136, 637, 3254, 2055, 3533,
                          688, 3199, 1333, 1391, 1173, 1203, 3197, 2609, 3720, 3868, 1081,
                          3347, 1314, 3831, 2095, 3296, 1205, 1080, 2655, 427, 3375, 3758,
                          1145, 1166, 3572, 2653, 3530, 1393, 2042, 1959, 1164, 1679, 2772,
                          1780, 3519, 423, 1214, 292, 3760, 1168, 2092, 299, 2607, 133, 421,
                          742, 3187, 769, 1515, 3352, 1146, 1212, 974, 2606, 2630, 3434, 3439,
                          1559, 1158
  Coordinates...........: (3.16244e+08,4.03504e+08)
  Semiminor axis........: 9971.97
  Semimajor axis........: 49859.86
  Angle (degrees).......: -60.00
  Shape.................: 5.00
  Time frame............: 2011-10-29_22 to 2011-10-30_0
  Number of cases.......: 3445
  Expected cases........: 9828.63
  Observed / expected...: 0.35
  Test statistic........: 2773.015899

11.Location IDs included.: 2620, 2618, 2621, 431, 3464, 2688, 1988, 2746, 2616, 3190, 2613,
                          2624, 487, 2625, 2612, 689, 1392, 3198, 2611, 1169, 1185, 1179, 1184,
                          1199, 2323, 2094, 3476, 1353, 3463, 654, 3173, 2627, 430, 1190, 1188,
                          2082, 1486, 357, 2081, 1207, 966, 432, 3249, 3744, 1786, 1327, 2745,
                          2747, 3465, 1174, 2654, 3452, 3074, 637, 3191, 3189, 1989, 2744,
                          2055, 1193, 1075, 3254, 1073, 2402, 3033, 1391, 1333, 2609, 1173,
                          1204, 3032, 136, 3347, 1314, 3296, 3533, 422, 688, 3758, 3199, 427,
                          3720, 3375, 1166, 3831, 2095, 1203, 2042, 3197, 1081, 1393, 1959,
                          1679, 3868, 1164, 1205, 1080, 2655, 1780, 3760, 292, 1168, 2607,
                          1145, 3530, 3572, 2653, 2092, 769, 3187, 1515, 423, 3352, 3519, 1214,
                          2606, 2772, 3434, 3439, 1158, 1559, 299, 421, 133, 742, 2605, 1973,
                          2039, 1560
  Coordinates...........: (3.16243e+08,4.03506e+08)
  Semiminor axis........: 9963.03
  Semimajor axis........: 49815.17
  Angle (degrees).......: -60.00
  Shape.................: 5.00
  Time frame............: 2011-10-15_1 to 2011-10-15_3
  Number of cases.......: 1798
  Expected cases........: 6961.90
  Observed / expected...: 0.26
  Test statistic........: 2730.487448

12.Location IDs included.: 1229, 926, 3827, 3515, 450, 1792, 1097, 1216, 1225, 547, 3231, 1238,
                          3609, 2779, 1332, 1944, 614, 888, 1686, 1904, 272, 163, 1250, 1211,
                          771, 762, 2773, 2988, 2780, 2558, 2774, 548, 2552, 1096, 1147, 2993,
                          1236, 1212, 439, 1985, 2635, 1146, 930, 2280, 755, 424, 1232, 133,
                          925, 2996, 299, 820, 2405, 2559, 1098, 3711, 2633, 1214, 2656, 2657,
                          423, 440, 3761, 546, 1247, 827, 2986, 3572, 1340, 3530, 2630, 2927,
                          3200, 2335, 2920, 438, 1249, 1325, 2556, 3342, 1205, 754, 3000, 409,
                          2655, 742, 425, 2406, 2547, 977, 2658, 1326, 2198, 690, 3791, 1148,
                          3681, 1256, 1606, 2775, 3790, 1203, 3201, 2553, 3684, 2772, 1081,
                          162, 691, 2985, 1902, 3343, 2663, 2781, 1243, 3034, 3228, 3533, 3003,
                          3457, 549, 1145, 2981, 3199, 3679, 1095, 411
  Coordinates...........: (3.16278e+08,4.03454e+08)
  Semiminor axis........: 9979.31
  Semimajor axis........: 49896.55
  Angle (degrees).......: -72.00
  Shape.................: 5.00
  Time frame............: 2011-10-29_1 to 2011-10-29_3
  Number of cases.......: 1352
  Expected cases........: 6027.46
  Observed / expected...: 0.22
  Test statistic........: 2655.126076

13.Location IDs included.: 3827, 450, 1229, 1216, 1097, 926, 3231, 3515, 1238, 1792, 1332, 1944,
                          1225, 547, 1686, 1250, 3609, 2779, 2552, 272, 771, 1904, 1236, 614,
                          2558, 163, 888, 2780, 548, 439, 2988, 2993, 762, 755, 2774, 1232,
                          1211, 2280, 930, 1147, 2773, 1096, 2996, 820, 2559, 1985, 3711, 1212,
                          2635, 1098, 1146, 2656, 424, 440, 925, 1247, 3761, 133, 827, 2405,
                          299, 2927, 1340, 2633, 1249, 1214, 2335, 2657, 423, 3000, 546, 1326,
                          3791, 1325, 2986, 2920, 3342, 1256, 438, 3572, 409, 2556, 2198, 2553,
                          2630, 3530, 977, 754, 425, 1148, 3343, 3790, 2406, 3200, 2775, 2663,
                          2658, 1243, 2547, 3684, 1205, 1902, 3681, 3003, 742, 2781, 1606,
                          2655, 3201, 690, 3457, 411, 2667, 549, 1254, 691, 162, 1203, 627,
                          1572, 3686, 2772, 2985, 1081, 3034, 3228, 2344, 2670
  Coordinates...........: (3.16279e+08,4.03451e+08)
  Semiminor axis........: 9978.61
  Semimajor axis........: 49893.04
  Angle (degrees).......: -72.00
  Shape.................: 5.00
  Time frame............: 2011-10-9_0 to 2011-10-9_2
  Number of cases.......: 2076
  Expected cases........: 6861.67
  Observed / expected...: 0.30
  Test statistic........: 2304.383243

14.Location IDs included.: 439, 2558, 2280, 771, 820, 2656, 272, 827, 1904, 1944, 1238, 2335,
                          1250, 163, 2198, 409, 1216, 3790, 1236, 3342, 3827, 1332, 1902, 1686,
                          3231, 1325, 1232, 3791, 2552, 1097, 762, 1229, 3457, 2920, 755, 450,
                          3711, 627, 3515, 438, 2559, 926, 2663, 1096, 1247, 440, 2556, 1225,
                          1792, 1249, 2667, 2635, 2927, 754, 547, 3609, 1256, 1326, 1015, 2670,
                          925, 2779, 2547, 614, 1243, 3343, 2390, 731, 888, 1606, 2411, 1211,
                          2633, 2993, 930, 1254, 2996, 548, 1098, 411, 31, 2780, 2773, 3761,
                          162, 1212, 2988, 1340, 1252, 546, 2344, 2774, 3000, 461, 1146, 3228,
                          133, 1147, 1016, 2553, 2630, 1282, 3792, 1357, 1985, 299, 3003, 1095
  Coordinates...........: (3.16284e+08,4.03431e+08)
  Semiminor axis........: 9961.54
  Semimajor axis........: 49807.70
  Angle (degrees).......: -72.00
  Shape.................: 5.00
  Time frame............: 2011-10-23_1 to 2011-10-23_3
  Number of cases.......: 860
  Expected cases........: 4609.55
  Observed / expected...: 0.19
  Test statistic........: 2306.011118

15.Location IDs included.: 3827, 450, 1229, 1216, 1097, 926, 3231, 3515, 1238, 1792, 1332, 1944,
                          1225, 547, 1686, 1250, 3609, 2779, 2552, 272, 771, 1904, 1236, 614,
                          2558, 163, 888, 2780, 548, 439, 2988, 2993, 762, 755, 2774, 1232,
                          1211, 2280, 930, 1147, 2773, 1096, 2996, 820, 2559, 1985, 3711, 1212,
                          2635, 1098, 1146, 2656, 424, 440, 925, 1247, 3761, 133, 827, 2405,
                          299, 2927, 1340, 2633, 1249, 1214, 2335, 2657, 423, 3000, 546, 1326,
                          3791, 1325, 2986, 2920, 3342, 1256, 438, 3572, 409, 2556, 2198, 2553,
                          2630, 3530, 977, 754, 425, 1148, 3343, 3790, 2406, 3200, 2775, 2663,
                          2658, 1243, 2547, 3684, 1205, 1902, 3681, 3003, 742, 2781, 1606,
                          2655, 3201, 690, 3457, 411, 2667, 549, 1254, 691, 162, 1203, 627,
                          1572, 3686, 2772, 2985, 1081, 3034, 3228, 2344, 2670
  Coordinates...........: (3.16279e+08,4.03451e+08)
  Semiminor axis........: 9978.61
  Semimajor axis........: 49893.04
  Angle (degrees).......: -72.00
  Shape.................: 5.00
  Time frame............: 2011-10-8_0 to 2011-10-8_2
  Number of cases.......: 1658
  Expected cases........: 6127.33
  Observed / expected...: 0.27
  Test statistic........: 2302.591256

16.Location IDs included.: 439, 2558, 2280, 771, 820, 2656, 272, 827, 1904, 1944, 1238, 2335,
                          1250, 163, 2198, 409, 1216, 3790, 1236, 3342, 3827, 1332, 1902, 1686,
                          3231, 1325, 1232, 3791, 2552, 1097, 762, 1229, 3457, 2920, 755, 450,
                          3711, 627, 3515, 438, 2559, 926, 2663, 1096, 1247, 440, 2556, 1225,
                          1792, 1249, 2667, 2635, 2927, 754, 547, 3609, 1256, 1326, 1015, 2670,
                          925, 2779, 2547, 614, 1243, 3343, 2390, 731, 888, 1606, 2411, 1211,
                          2633, 2993, 930, 1254, 2996, 548, 1098, 411, 31, 2780, 2773, 3761,
                          162, 1212, 2988, 1340, 1252, 546, 2344, 2774, 3000, 461, 1146, 3228,
                          133, 1147, 1016, 2553, 2630, 1282, 3792, 1357, 1985, 299, 3003, 1095
  Coordinates...........: (3.16284e+08,4.03431e+08)
  Semiminor axis........: 9961.54
  Semimajor axis........: 49807.70
  Angle (degrees).......: -72.00
  Shape.................: 5.00
  Time frame............: 2011-10-15_1 to 2011-10-15_3
  Number of cases.......: 741
  Expected cases........: 4317.52
  Observed / expected...: 0.17
  Test statistic........: 2270.882127

17.Location IDs included.: 439, 2558, 2280, 771, 820, 2656, 272, 827, 1904, 1944, 1238, 2335,
                          1250, 163, 2198, 409, 1216, 3790, 1236, 3342, 3827, 1332, 1902, 1686,
                          3231, 1325, 1232, 3791, 2552, 1097, 762, 1229, 3457, 2920, 755, 450,
                          3711, 627, 3515, 438, 2559, 926, 2663, 1096, 1247, 440, 2556, 1225,
                          1792, 1249, 2667, 2635, 2927, 754, 547, 3609, 1256, 1326, 1015, 2670,
                          925, 2779, 2547, 614, 1243, 3343, 2390, 731, 888, 1606, 2411, 1211,
                          2633, 2993, 930, 1254, 2996, 548, 1098, 411, 31, 2780, 2773, 3761,
                          162, 1212, 2988, 1340, 1252, 546, 2344, 2774, 3000, 461, 1146, 3228,
                          133, 1147, 1016, 2553, 2630, 1282, 3792, 1357, 1985, 299, 3003, 1095
  Coordinates...........: (3.16284e+08,4.03431e+08)
  Semiminor axis........: 9961.54
  Semimajor axis........: 49807.70
  Angle (degrees).......: -72.00
  Shape.................: 5.00
  Time frame............: 2011-10-16_1 to 2011-10-16_3
  Number of cases.......: 936
  Expected cases........: 4718.18
  Observed / expected...: 0.20
  Test statistic........: 2268.502424

18.Location IDs included.: 1238, 3231, 1944, 1216, 1332, 1097, 1686, 3827, 1250, 450, 2552,
                          1229, 1236, 926, 755, 3515, 1232, 1792, 2558, 2559, 439, 771, 3711,
                          1225, 2280, 272, 2993, 547, 820, 930, 548, 2996, 440, 1904, 2780,
                          1247, 2656, 3609, 1098, 2988, 163, 2779, 3761, 827, 2927, 2774, 1249,
                          614, 762, 1340, 888, 2335, 1147, 1326, 1096, 1256, 3000, 1211, 3791,
                          1985, 2773, 2635, 3343, 2553, 1243, 1212, 424, 2663, 1146, 925, 3003,
                          411, 409, 3342, 1254, 2405, 2198, 2667, 133, 1325, 3790, 2920, 299,
                          1902, 1572, 2775, 1148, 2633, 438, 3684, 977, 2344, 2657, 3457, 2781,
                          2670, 1252, 425, 2556, 1214, 549, 627, 2406, 3686, 441, 754, 423,
                          546, 2658, 2986, 3792, 2411, 1603, 1282, 2547, 3681, 3572, 2282,
                          2630, 2474, 3200, 3201, 3530, 1606, 1536
  Coordinates...........: (3.16282e+08,4.03446e+08)
  Semiminor axis........: 9993.57
  Semimajor axis........: 49967.86
  Angle (degrees).......: -72.00
  Shape.................: 5.00
  Time frame............: 2011-10-22_0 to 2011-10-22_2
  Number of cases.......: 1807
  Expected cases........: 6219.60
  Observed / expected...: 0.29
  Test statistic........: 2179.573115

19.Location IDs included.: 439, 2558, 2280, 771, 820, 2656, 272, 827, 1904, 1944, 1238, 2335,
                          1250, 163, 2198, 409, 1216, 3790, 1236, 3342, 3827, 1332, 1902, 1686,
                          3231, 1325, 1232, 3791, 2552, 1097, 762, 1229, 3457, 2920, 755, 450,
                          3711, 627, 3515, 438, 2559, 926, 2663, 1096, 1247, 440, 2556, 1225,
                          1792, 1249, 2667, 2635, 2927, 754, 547, 3609, 1256, 1326, 1015, 2670,
                          925, 2779, 2547, 614, 1243, 3343, 2390, 731, 888, 1606, 2411, 1211,
                          2633, 2993, 930, 1254, 2996, 548, 1098, 411, 31, 2780, 2773, 3761,
                          162, 1212, 2988, 1340, 1252, 546, 2344, 2774, 3000, 461, 1146, 3228,
                          133, 1147, 1016, 2553, 2630, 1282, 3792, 1357, 1985, 299, 3003, 1095
  Coordinates...........: (3.16284e+08,4.03431e+08)
  Semiminor axis........: 9961.54
  Semimajor axis........: 49807.70
  Angle (degrees).......: -72.00
  Shape.................: 5.00
  Time frame............: 2011-10-30_1 to 2011-10-30_3
  Number of cases.......: 1092
  Expected cases........: 4905.74
  Observed / expected...: 0.22
  Test statistic........: 2173.494711

20.Location IDs included.: 3827, 450, 1229, 1216, 1097, 926, 3231, 3515, 1238, 1792, 1332, 1944,
                          1225, 547, 1686, 1250, 3609, 2779, 2552, 272, 771, 1904, 1236, 614,
                          2558, 163, 888, 2780, 548, 439, 2988, 2993, 762, 755, 2774, 1232,
                          1211, 2280, 930, 1147, 2773, 1096, 2996, 820, 2559, 1985, 3711, 1212,
                          2635, 1098, 1146, 2656, 424, 440, 925, 1247, 3761, 133, 827, 2405,
                          299, 2927, 1340, 2633, 1249, 1214, 2335, 2657, 423, 3000, 546, 1326,
                          3791, 1325, 2986, 2920, 3342, 1256, 438, 3572, 409, 2556, 2198, 2553,
                          2630, 3530, 977, 754, 425, 1148, 3343, 3790, 2406, 3200, 2775, 2663,
                          2658, 1243, 2547, 3684, 1205, 1902, 3681, 3003, 742, 2781, 1606,
                          2655, 3201, 690, 3457, 411, 2667, 549, 1254, 691, 162, 1203, 627,
                          1572, 3686, 2772, 2985, 1081, 3034, 3228, 2344, 2670
  Coordinates...........: (3.16279e+08,4.03451e+08)
  Semiminor axis........: 9978.61
  Semimajor axis........: 49893.04
  Angle (degrees).......: -72.00
  Shape.................: 5.00
  Time frame............: 2011-10-2_0 to 2011-10-2_2
  Number of cases.......: 2289
  Expected cases........: 6966.67
  Observed / expected...: 0.33
  Test statistic........: 2130.519805

21.Location IDs included.: 2618, 2620, 3464, 2621, 1988, 431, 2616, 2688, 2613, 2746, 487, 3190,
                          2612, 2624, 1392, 2625, 2611, 689, 1185, 2082, 1169, 1184, 2323,
                          1179, 3463, 1199, 1188, 2094, 3173, 1353, 1486, 3198, 2081, 3476,
                          654, 637, 3744, 430, 1174, 1190, 3249, 966, 1327, 3074, 432, 3465,
                          357, 1786, 1989, 2627, 2055, 1207, 2744, 2609, 2747, 2745, 3254,
                          1173, 1391, 3452, 3191, 1333, 3189, 2654, 1075, 1314, 3347, 3758,
                          3296, 1193, 1073, 3033, 427, 3375, 1166, 2042, 1204, 2402, 3032,
                          1679, 136, 1393, 1959, 3720, 1164, 3533, 2095, 3831, 3760, 688, 3199,
                          1780, 422, 292, 2607, 1168, 1203, 1081, 3197, 2092, 769, 3187, 2606,
                          3868, 1515, 1205, 2655, 1080, 3352, 3439, 3434, 3530, 1158, 1559,
                          3572, 2653, 1145, 2605, 1973, 2039, 423, 1560, 3519, 1214, 2772, 814,
                          3355
  Coordinates...........: (3.16241e+08,4.03509e+08)
  Semiminor axis........: 9794.53
  Semimajor axis........: 48972.67
  Angle (degrees).......: -60.00
  Shape.................: 5.00
  Time frame............: 2011-10-8_22 to 2011-10-9_0
  Number of cases.......: 4289
  Expected cases........: 10067.24
  Observed / expected...: 0.43
  Test statistic........: 2119.573310

22.Location IDs included.: 2621, 2620, 431, 2618, 2688, 2746, 3464, 3190, 1988, 2624, 2616,
                          2625, 2613, 689, 487, 3198, 2612, 2627, 1392, 1179, 1169, 1199, 1185,
                          3476, 1184, 1353, 654, 1190, 2094, 430, 3463, 2654, 2323, 357, 1207,
                          2611, 3173, 2745, 1188, 3452, 432, 1486, 1786, 966, 3249, 2747, 3189,
                          1327, 3191, 2081, 2402, 3744, 1193, 2082, 1075, 3465, 1073, 3074,
                          1174, 1204, 3033, 1989, 3032, 2744, 422, 136, 637, 3254, 2055, 3533,
                          688, 3199, 1333, 1391, 1173, 1203, 3197, 2609, 3720, 3868, 1081,
                          3347, 1314, 3831, 2095, 3296, 1205, 1080, 2655, 427, 3375, 3758,
                          1145, 1166, 3572, 2653, 3530, 1393, 2042, 1959, 1164, 1679, 2772,
                          1780, 3519, 423, 1214, 292, 3760, 1168, 2092, 299, 2607, 133, 421,
                          742, 3187, 769, 1515, 3352, 1146, 1212, 974, 2606, 2630, 3434, 3439,
                          1559, 1158
  Coordinates...........: (3.16244e+08,4.03504e+08)
  Semiminor axis........: 9971.97
  Semimajor axis........: 49859.86
  Angle (degrees).......: -60.00
  Shape.................: 5.00
  Time frame............: 2011-10-29_19 to 2011-10-29_21
  Number of cases.......: 4828
  Expected cases........: 10674.72
  Observed / expected...: 0.45
  Test statistic........: 2016.832282

23.Location IDs included.: 2618, 2620, 3464, 2621, 1988, 431, 2616, 2688, 2613, 2746, 487, 3190,
                          2612, 2624, 1392, 2625, 2611, 689, 1185, 2082, 1169, 1184, 2323,
                          1179, 3463, 1199, 1188, 2094, 3173, 1353, 1486, 3198, 2081, 3476,
                          654, 637, 3744, 430, 1174, 1190, 3249, 966, 1327, 3074, 432, 3465,
                          357, 1786, 1989, 2627, 2055, 1207, 2744, 2609, 2747, 2745, 3254,
                          1173, 1391, 3452, 3191, 1333, 3189, 2654, 1075, 1314, 3347, 3758,
                          3296, 1193, 1073, 3033, 427, 3375, 1166, 2042, 1204, 2402, 3032,
                          1679, 136, 1393, 1959, 3720, 1164, 3533, 2095, 3831, 3760, 688, 3199,
                          1780, 422, 292, 2607, 1168, 1203, 1081, 3197, 2092, 769, 3187, 2606,
                          3868, 1515, 1205, 2655, 1080, 3352, 3439, 3434, 3530, 1158, 1559,
                          3572, 2653, 1145, 2605, 1973, 2039, 423, 1560, 3519, 1214, 2772, 814
  Coordinates...........: (3.16241e+08,4.03509e+08)
  Semiminor axis........: 9764.81
  Semimajor axis........: 48824.07
  Angle (degrees).......: -60.00
  Shape.................: 5.00
  Time frame............: 2011-10-1_22 to 2011-10-2_0
  Number of cases.......: 4344
  Expected cases........: 9981.31
  Observed / expected...: 0.44
  Test statistic........: 2024.263792

24.Location IDs included.: 2621, 2620, 431, 2618, 2688, 2746, 3464, 3190, 1988, 2624, 2616,
                          2625, 2613, 689, 487, 3198, 2612, 2627, 1392, 1179, 1169, 1199, 1185,
                          3476, 1184, 1353, 654, 1190, 2094, 430, 3463, 2654, 2323, 357, 1207,
                          2611, 3173, 2745, 1188, 3452, 432, 1486, 1786, 966, 3249, 2747, 3189,
                          1327, 3191, 2081, 2402, 3744, 1193, 2082, 1075, 3465, 1073, 3074,
                          1174, 1204, 3033, 1989, 3032, 2744, 422, 136, 637, 3254, 2055, 3533,
                          688, 3199, 1333, 1391, 1173, 1203, 3197, 2609, 3720, 3868, 1081,
                          3347, 1314, 3831, 2095, 3296, 1205, 1080, 2655, 427, 3375, 3758,
                          1145, 1166, 3572, 2653, 3530, 1393, 2042, 1959, 1164, 1679, 2772,
                          1780, 3519, 423, 1214, 292, 3760, 1168, 2092, 299, 2607, 133, 421,
                          742, 3187, 769, 1515, 3352, 1146, 1212, 974, 2606, 2630, 3434, 3439,
                          1559, 1158
  Coordinates...........: (3.16244e+08,4.03504e+08)
  Semiminor axis........: 9971.97
  Semimajor axis........: 49859.86
  Angle (degrees).......: -60.00
  Shape.................: 5.00
  Time frame............: 2011-10-22_22 to 2011-10-23_0
  Number of cases.......: 4724
  Expected cases........: 10393.74
  Observed / expected...: 0.45
  Test statistic........: 1945.459367

25.Location IDs included.: 1559, 1560, 3352, 1515, 1158, 1168, 2092, 1164, 1780, 1166, 1393,
                          3296, 427, 1117, 2042, 3760, 1116, 1173, 769, 3439, 3347, 1115, 2039,
                          1114, 2055, 2038, 1333, 466, 1113, 3100, 1174, 1112, 3254, 2538,
                          1111, 2081, 1981, 2954, 2096, 1989, 3763, 720, 1110, 2957, 1188,
                          1274, 1394, 2950, 2958, 855, 3597, 2947, 3465, 489, 2323, 3758, 1679,
                          2609, 2943, 637, 2607, 2959, 2082, 2606, 3090, 1630, 1327, 3205,
                          2611, 2605, 1184, 2834, 1392, 3355, 2939, 1109, 39, 1990, 2612, 3249,
                          2604, 1185, 2539, 487, 2537, 3467, 1108, 3722, 966, 2613, 2938, 2603,
                          1169, 2963, 2616, 2602, 1911, 1107, 521, 432, 1179, 2964, 1988, 2601,
                          2937, 3483, 1786
  Coordinates...........: (3.16231e+08,4.03539e+08)
  Semiminor axis........: 8583.95
  Semimajor axis........: 42919.73
  Angle (degrees).......: -60.00
  Shape.................: 5.00
  Time frame............: 2011-10-1_1 to 2011-10-1_3
  Number of cases.......: 2009
  Expected cases........: 6185.49
  Observed / expected...: 0.32
  Test statistic........: 1917.677092

26.Location IDs included.: 2621, 2620, 431, 2618, 2688, 2746, 3464, 3190, 1988, 2624, 2616,
                          2625, 2613, 689, 487, 3198, 2612, 2627, 1392, 1179, 1169, 1199, 1185,
                          3476, 1184, 1353, 654, 1190, 2094, 430, 3463, 2654, 2323, 357, 1207,
                          2611, 3173, 2745, 1188, 3452, 432, 1486, 1786, 966, 3249, 2747, 3189,
                          1327, 3191, 2081, 2402, 3744, 1193, 2082, 1075, 3465, 1073, 3074,
                          1174, 1204, 3033, 1989, 3032, 2744, 422, 136, 637, 3254, 2055, 3533,
                          688, 3199, 1333, 1391, 1173, 1203, 3197, 2609, 3720, 3868, 1081,
                          3347, 1314, 3831, 2095, 3296, 1205, 1080, 2655, 427, 3375, 3758,
                          1145, 1166, 3572, 2653, 3530, 1393, 2042, 1959, 1164, 1679, 2772,
                          1780, 3519, 423, 1214, 292, 3760, 1168, 2092, 299, 2607, 133, 421,
                          742, 3187, 769, 1515, 3352, 1146, 1212, 974, 2606, 2630, 3434, 3439,
                          1559, 1158
  Coordinates...........: (3.16244e+08,4.03504e+08)
  Semiminor axis........: 9971.97
  Semimajor axis........: 49859.86
  Angle (degrees).......: -60.00
  Shape.................: 5.00
  Time frame............: 2011-10-15_22 to 2011-10-16_0
  Number of cases.......: 4813
  Expected cases........: 10466.26
  Observed / expected...: 0.46
  Test statistic........: 1915.159540

27.Location IDs included.: 2819, 2818, 2820, 875, 2817, 2661, 3308, 2813, 2822, 2812, 2142,
                          2823, 3802, 2825, 533, 2810, 2919, 2567, 502, 531, 3582, 3165, 3217,
                          2826, 2906, 3166, 3462, 2662, 3717, 2827, 3583, 3754, 3755, 3756,
                          2806, 3753, 3590, 2829, 3167, 1456, 612, 787, 3821, 3592, 513, 2830
  Coordinates...........: (3.16157e+08,4.03627e+08)
  Semiminor axis........: 5735.12
  Semimajor axis........: 28675.58
  Angle (degrees).......: -60.00
  Shape.................: 5.00
  Time frame............: 2011-10-31_19 to 2011-10-31_21
  Number of cases.......: 60
  Expected cases........: 2029.07
  Observed / expected...: 0.030
  Test statistic........: 1757.910955

28.Location IDs included.: 2630, 546, 742, 2772, 2633, 1145, 925, 3868, 2635, 422, 1096, 762,
                          2402, 2654, 163, 2627, 1904, 3609, 614, 1225, 3198, 1211, 272, 3515,
                          1212, 882, 2777, 2501, 1229, 545, 3211, 133, 3827, 974, 1379, 689,
                          1214, 771, 924, 547, 421, 1216, 2779, 1792, 888, 926, 2814, 3572,
                          2773, 3519, 450, 1238, 2625, 1146, 1097, 1095, 2558, 2653, 1205, 299,
                          1944, 3231, 3228, 1080, 423, 1203, 2624, 1332, 1250, 439, 162, 3530,
                          3197, 1686, 3533, 1236, 3190, 1606, 2655, 2280, 688, 2552, 1204,
                          1232, 1081, 2547, 3032, 755, 2746, 1193, 820, 3199, 3711, 2559, 754,
                          1073, 3452, 2688, 136, 2656, 1247, 440, 2556, 3189, 1794, 1207, 3033,
                          431, 1249, 2927, 438, 2745, 827, 1190, 1075, 1326, 1256, 2621, 2920,
                          357, 2335, 3476, 3191
  Coordinates...........: (3.16267e+08,4.03461e+08)
  Semiminor axis........: 9993.62
  Semimajor axis........: 49968.08
  Angle (degrees).......: -60.00
  Shape.................: 5.00
  Time frame............: 2011-10-20_23 to 2011-10-21_1
  Number of cases.......: 1452
  Expected cases........: 5001.26
  Observed / expected...: 0.29
  Test statistic........: 1753.823859

29.Location IDs included.: 742, 2630, 2772, 546, 1145, 3868, 2633, 422, 925, 2635, 2402, 2654,
                          1096, 2627, 762, 3198, 163, 614, 1211, 3609, 689, 1904, 1212, 1225,
                          133, 2501, 882, 3211, 3515, 2777, 974, 1214, 545, 1229, 421, 2625,
                          272, 3572, 2779, 1379, 3827, 3519, 547, 888, 2773, 1792, 924, 1146,
                          1205, 2653, 926, 1216, 2624, 299, 450, 2814, 771, 1080, 1203, 423,
                          1238, 1097, 1095, 3197, 3530, 3533, 3190, 3231, 1944, 2558, 3228,
                          2655, 688, 1332, 1204, 1250, 2746, 162, 1081, 1686, 3032, 439, 1193,
                          1236, 3199, 1606, 2552, 1073, 2688, 3452, 2280, 136, 1232, 2547,
                          3189, 755, 1207, 431, 3033, 820, 3711, 1794, 2559, 2745, 754, 1190,
                          1075, 2621, 440, 1247, 2556, 2656, 357, 3476, 3191, 2927, 1249, 2620,
                          438, 430, 827, 1199, 2747
  Coordinates...........: (3.16266e+08,4.03464e+08)
  Semiminor axis........: 9993.46
  Semimajor axis........: 49967.30
  Angle (degrees).......: -60.00
  Shape.................: 5.00
  Time frame............: 2011-10-28_22 to 2011-10-29_0
  Number of cases.......: 2992
  Expected cases........: 7446.57
  Observed / expected...: 0.40
  Test statistic........: 1726.935519

30.Location IDs included.: 2633, 546, 925, 2630, 2635, 742, 1096, 2772, 762, 1145, 163, 3868,
                          1904, 422, 272, 2402, 771, 3515, 1225, 1229, 2654, 2558, 3609, 3827,
                          545, 2777, 614, 1379, 924, 882, 1216, 2814, 1211, 2501, 1238, 1095,
                          2627, 439, 3211, 1212, 1944, 926, 1792, 450, 3228, 547, 974, 1097,
                          133, 2779, 3231, 1250, 162, 3198, 2280, 888, 1332, 421, 1214, 2773,
                          1686, 1236, 1606, 3519, 3572, 1146, 689, 820, 2552, 1232, 2547, 2653,
                          299, 755, 1205, 3711, 754, 2625, 2656, 1080, 423, 2559, 1203, 1247,
                          2556, 3530, 3197, 440, 2624, 827, 3533, 1249, 438, 2655, 2927, 688,
                          1204, 3190, 2335, 1256, 2920, 1081, 1326, 3032, 1193, 3199, 1325,
                          1794, 1243, 2746, 3343, 3791, 1073, 3452, 136, 3342, 411, 1254, 3189,
                          2688, 2663
  Coordinates...........: (3.1627e+08,4.03456e+08)
  Semiminor axis........: 9872.33
  Semimajor axis........: 49361.67
  Angle (degrees).......: -60.00
  Shape.................: 5.00
  Time frame............: 2011-10-27_23 to 2011-10-28_1
  Number of cases.......: 1236
  Expected cases........: 4582.67
  Observed / expected...: 0.27
  Test statistic........: 1727.299952

31.Location IDs included.: 2618, 2620, 3464, 2621, 1988, 431, 2616, 2688, 2613, 2746, 487, 3190,
                          2612, 2624, 1392, 2625, 2611, 689, 1185, 2082, 1169, 1184, 2323,
                          1179, 3463, 1199, 1188, 2094, 3173, 1353, 1486, 3198, 2081, 3476,
                          654, 637, 3744, 430, 1174, 1190, 3249, 966, 1327, 3074, 432, 3465,
                          357, 1786, 1989, 2627, 2055, 1207, 2744, 2609, 2747, 2745, 3254,
                          1173, 1391, 3452, 3191, 1333, 3189, 2654, 1075, 1314, 3347, 3758,
                          3296, 1193, 1073, 3033, 427, 3375, 1166, 2042, 1204, 2402, 3032,
                          1679, 136, 1393, 1959, 3720, 1164, 3533, 2095, 3831, 3760, 688, 3199,
                          1780, 422, 292, 2607, 1168, 1203, 1081, 3197, 2092, 769, 3187, 2606,
                          3868, 1515, 1205, 2655, 1080, 3352, 3439, 3434, 3530, 1158, 1559,
                          3572, 2653, 1145, 2605, 1973, 2039, 423, 1560, 3519, 1214, 2772, 814
  Coordinates...........: (3.16241e+08,4.03509e+08)
  Semiminor axis........: 9764.81
  Semimajor axis........: 48824.07
  Angle (degrees).......: -60.00
  Shape.................: 5.00
  Time frame............: 2011-10-7_22 to 2011-10-8_0
  Number of cases.......: 4394
  Expected cases........: 9458.19
  Observed / expected...: 0.46
  Test statistic........: 1696.223170

32.Location IDs included.: 925, 2635, 2633, 1096, 546, 762, 2630, 163, 742, 1904, 2772, 272,
                          1145, 771, 3868, 2558, 422, 1229, 3515, 3827, 439, 1225, 1216, 2402,
                          3609, 1238, 924, 545, 1379, 2814, 2777, 614, 1944, 1095, 882, 2280,
                          1211, 3228, 2654, 1250, 450, 2501, 926, 1097, 1792, 3231, 162, 1212,
                          1332, 547, 3211, 1236, 820, 1686, 2779, 1606, 2627, 133, 974, 1232,
                          888, 2552, 2547, 1214, 421, 2773, 2656, 755, 3711, 3198, 754, 1146,
                          2559, 3519, 3572, 1247, 2556, 827, 299, 440, 689, 2653, 1205, 1249,
                          438, 423, 2927, 2335, 1080, 2625, 1203, 1256, 1326, 2920, 3530, 3197,
                          3791, 3533, 1243, 3343, 2624, 1325, 2655, 688, 1204, 1254, 411, 1081,
                          3342, 2663, 3190, 3032, 1794, 1193, 2344, 1252, 3199, 409
  Coordinates...........: (3.16272e+08,4.03454e+08)
  Semiminor axis........: 9675.79
  Semimajor axis........: 48378.94
  Angle (degrees).......: -60.00
  Shape.................: 5.00
  Time frame............: 2011-10-13_23 to 2011-10-14_1
  Number of cases.......: 1254
  Expected cases........: 4574.49
  Observed / expected...: 0.27
  Test statistic........: 1697.896384

33.Location IDs included.: 2618, 2620, 3464, 2621, 1988, 431, 2616, 2688, 2613, 2746, 487, 3190,
                          2612, 2624, 1392, 2625, 2611, 689, 1185, 2082, 1169, 1184, 2323,
                          1179, 3463, 1199, 1188, 2094, 3173, 1353, 1486, 3198, 2081, 3476,
                          654, 637, 3744, 430, 1174, 1190, 3249, 966, 1327, 3074, 432, 3465,
                          357, 1786, 1989, 2627, 2055, 1207, 2744, 2609, 2747, 2745, 3254,
                          1173, 1391, 3452, 3191, 1333, 3189, 2654, 1075, 1314, 3347, 3758,
                          3296, 1193, 1073, 3033, 427, 3375, 1166, 2042, 1204, 2402, 3032,
                          1679, 136, 1393, 1959, 3720, 1164, 3533, 2095, 3831, 3760, 688, 3199,
                          1780, 422, 292, 2607, 1168, 1203, 1081, 3197, 2092, 769, 3187, 2606,
                          3868, 1515, 1205, 2655, 1080, 3352, 3439, 3434, 3530, 1158, 1559,
                          3572, 2653, 1145, 2605, 1973, 2039, 423, 1560, 3519, 1214, 2772, 814,
                          3355, 2038, 299
  Coordinates...........: (3.16241e+08,4.03509e+08)
  Semiminor axis........: 9992.93
  Semimajor axis........: 49964.67
  Angle (degrees).......: -60.00
  Shape.................: 5.00
  Time frame............: 2011-10-1_19 to 2011-10-1_21
  Number of cases.......: 4444
  Expected cases........: 9535.73
  Observed / expected...: 0.47
  Test statistic........: 1699.433141

34.Location IDs included.: 1808, 1809, 1807, 525, 1810, 2207, 1811, 3277, 1812, 384, 324, 14,
                          605, 1813, 672, 101, 721, 722, 604, 3627, 3276, 5, 923, 3798, 2077,
                          1399, 3265, 3306, 3780, 723, 543, 1814, 2683, 1711, 2764, 3305, 385,
                          1668, 603, 3044, 1704, 212, 724, 326, 796, 1710, 3741, 1815, 1624,
                          2640, 2519, 727, 718, 1816, 2684, 57, 216, 3499, 3332, 2037, 3304,
                          2639, 557, 1451, 3112, 3797, 597, 2766, 1482, 1715, 3290, 3335, 1709,
                          1442, 3328, 1906, 2517, 712, 452, 809, 2881, 3742, 2742, 634, 3156,
                          665, 1953, 1120, 3721, 98, 3212, 3336, 870, 514, 2960, 2740, 3157,
                          1548, 716, 3327, 2743, 2288, 788, 3128, 3799, 156, 869, 3796, 155,
                          3155, 3272, 2638, 3326, 59, 3325, 1034, 54, 3779, 2040, 3419, 154,
                          1905, 0, 1406, 1714, 109, 3417, 3045, 342, 2, 3267, 1038, 1731, 1847,
                          2767, 1, 1729, 3337, 2862, 1707, 68, 3042, 151, 150, 153, 2637, 828,
                          653, 3127, 2914, 2803, 157, 3638, 3269
  Coordinates...........: (3.16184e+08,4.03662e+08)
  Semiminor axis........: 9963.41
  Semimajor axis........: 49817.03
  Angle (degrees).......: -60.00
  Shape.................: 5.00
  Time frame............: 2011-10-27_7 to 2011-10-27_9
  Number of cases.......: 1738
  Expected cases........: 5401.61
  Observed / expected...: 0.32
  Test statistic........: 1693.122901

35.Location IDs included.: 742, 2630, 2772, 546, 1145, 3868, 2633, 422, 925, 2635, 2402, 2654,
                          1096, 2627, 762, 3198, 163, 614, 1211, 3609, 689, 1904, 1212, 1225,
                          133, 2501, 882, 3211, 3515, 2777, 974, 1214, 545, 1229, 421, 2625,
                          272, 3572, 2779, 1379, 3827, 3519, 547, 888, 2773, 1792, 924, 1146,
                          1205, 2653, 926, 1216, 2624, 299, 450, 2814, 771, 1080, 1203, 423,
                          1238, 1097, 1095, 3197, 3530, 3533, 3190, 3231, 1944, 2558, 3228,
                          2655, 688, 1332, 1204, 1250, 2746, 162, 1081, 1686, 3032, 439, 1193,
                          1236, 3199, 1606, 2552, 1073, 2688, 3452, 2280, 136, 1232, 2547,
                          3189, 755, 1207, 431, 3033, 820, 3711, 1794, 2559, 2745, 754, 1190,
                          1075, 2621, 440, 1247, 2556, 2656, 357, 3476, 3191, 2927, 1249, 2620,
                          438, 430, 827, 1199
  Coordinates...........: (3.16266e+08,4.03464e+08)
  Semiminor axis........: 9977.95
  Semimajor axis........: 49889.77
  Angle (degrees).......: -60.00
  Shape.................: 5.00
  Time frame............: 2011-10-14_22 to 2011-10-15_0
  Number of cases.......: 2983
  Expected cases........: 7332.45
  Observed / expected...: 0.41
  Test statistic........: 1667.076953

36.Location IDs included.: 2618, 2620, 3464, 2621, 1988, 431, 2616, 2688, 2613, 2746, 487, 3190,
                          2612, 2624, 1392, 2625, 2611, 689, 1185, 2082, 1169, 1184, 2323,
                          1179, 3463, 1199, 1188, 2094, 3173, 1353, 1486, 3198, 2081, 3476,
                          654, 637, 3744, 430, 1174, 1190, 3249, 966, 1327, 3074, 432, 3465,
                          357, 1786, 1989, 2627, 2055, 1207, 2744, 2609, 2747, 2745, 3254,
                          1173, 1391, 3452, 3191, 1333, 3189, 2654, 1075, 1314, 3347, 3758,
                          3296, 1193, 1073, 3033, 427, 3375, 1166, 2042, 1204, 2402, 3032,
                          1679, 136, 1393, 1959, 3720, 1164, 3533, 2095, 3831, 3760, 688, 3199,
                          1780, 422, 292, 2607, 1168, 1203, 1081, 3197, 2092, 769, 3187, 2606,
                          3868, 1515, 1205, 2655, 1080, 3352, 3439, 3434, 3530, 1158, 1559,
                          3572, 2653, 1145, 2605, 1973, 2039, 423, 1560, 3519, 1214, 2772, 814,
                          3355, 2038, 299
  Coordinates...........: (3.16241e+08,4.03509e+08)
  Semiminor axis........: 9992.93
  Semimajor axis........: 49964.67
  Angle (degrees).......: -60.00
  Shape.................: 5.00
  Time frame............: 2011-10-22_19 to 2011-10-22_21
  Number of cases.......: 4893
  Expected cases........: 10090.22
  Observed / expected...: 0.48
  Test statistic........: 1656.540389

37.Location IDs included.: 2635, 925, 1096, 762, 2633, 163, 546, 1904, 2630, 272, 742, 2772,
                          771, 2558, 1145, 439, 3868, 3827, 1229, 1216, 2280, 3515, 1238, 422,
                          1225, 1944, 924, 2814, 1095, 1379, 545, 3609, 1250, 3228, 2777, 820,
                          614, 162, 2402, 1236, 1097, 882, 450, 3231, 926, 1332, 1606, 1211,
                          1686, 1792, 2501, 1232, 2656, 547, 2552, 2547, 2654, 1212, 3211,
                          3711, 2779, 755, 754, 974, 133, 888, 2559, 827, 1247, 2627, 2556,
                          2773, 440, 421, 1214, 1249, 2335, 438, 1146, 2927, 3198, 3519, 3572,
                          1256, 2920, 299, 1326, 3791, 2653, 689, 1205, 1243, 1325, 3343, 423,
                          1080, 1203, 2663, 1254, 2625, 411, 3342, 3530, 3197, 3533, 1252,
                          2344, 2655, 409, 2667, 2624, 688, 3792, 1204, 1081, 1282, 2198, 1794,
                          2670, 3190, 3032
  Coordinates...........: (3.16273e+08,4.03451e+08)
  Semiminor axis........: 9885.78
  Semimajor axis........: 49428.90
  Angle (degrees).......: -60.00
  Shape.................: 5.00
  Time frame............: 2011-10-6_23 to 2011-10-7_1
  Number of cases.......: 1418
  Expected cases........: 4713.35
  Observed / expected...: 0.30
  Test statistic........: 1592.395995

38.Location IDs included.: 1808, 1809, 1807, 525, 1810, 2207, 1811, 3277, 1812, 384, 324, 14,
                          605, 1813, 672, 101, 721, 722, 604, 3627, 3276, 5, 923, 3798, 2077,
                          1399, 3265, 3306, 3780, 723, 543, 1814, 2683, 1711, 2764, 3305, 385,
                          1668, 603, 3044, 1704, 212, 724, 326, 796, 1710, 3741, 1815, 1624,
                          2640, 2519, 727, 718, 1816, 2684, 57, 216, 3499, 3332, 2037, 3304,
                          2639, 557, 1451, 3112, 3797, 597, 2766, 1482, 1715, 3290, 3335, 1709,
                          1442, 3328, 1906, 2517, 712, 452, 809, 2881, 3742, 2742, 634, 3156,
                          665, 1953, 1120, 3721, 98, 3212, 3336, 870, 514, 2960, 2740, 3157,
                          1548, 716, 3327, 2743, 2288, 788, 3128, 3799, 156, 869, 3796, 155,
                          3155, 3272, 2638, 3326, 59, 3325, 1034, 54, 3779, 2040, 3419, 154,
                          1905, 0, 1406, 1714, 109, 3417, 3045, 342, 2, 3267, 1038, 1731, 1847,
                          2767, 1, 1729, 3337, 2862, 1707, 68, 3042, 151, 150, 153, 2637, 828,
                          653, 3127, 2914, 2803, 157, 3638, 3269
  Coordinates...........: (3.16184e+08,4.03662e+08)
  Semiminor axis........: 9963.41
  Semimajor axis........: 49817.03
  Angle (degrees).......: -60.00
  Shape.................: 5.00
  Time frame............: 2011-10-19_7 to 2011-10-19_9
  Number of cases.......: 1896
  Expected cases........: 5444.49
  Observed / expected...: 0.35
  Test statistic........: 1548.800548

39.Location IDs included.: 1807, 1808, 1809, 525, 1810, 2207, 3277, 1811, 384, 14, 1812, 324,
                          605, 721, 672, 604, 722, 101, 3627, 5, 923, 1813, 2077, 3276, 3798,
                          3306, 3265, 1399, 543, 3780, 723, 2683, 3305, 2764, 385, 1711, 1668,
                          1814, 212, 603, 1704, 326, 724, 3044, 3741, 1710, 1624, 2519, 796,
                          2640, 718, 1815, 2684, 727, 216, 57, 3332, 1816, 3304, 3499, 1451,
                          2639, 597, 2037, 2766, 1715, 3112, 1482, 3290, 3797, 557, 3335, 3328,
                          1709, 2517, 809, 712, 1442, 1906, 452, 2881, 870, 3212, 3742, 98,
                          1548, 1953, 634, 716, 3327, 665, 2742, 3336, 1120, 3721, 514, 869,
                          3156, 2740, 2960, 156, 788, 2288, 2743, 155, 3326, 59, 3157, 3325,
                          3128, 3799, 2638, 3796, 54, 0, 2040, 3272, 154, 1406, 1714, 2, 342,
                          3155, 1731, 3779, 3419, 1, 1034, 1729, 2862, 1905, 3267, 68, 2767,
                          150, 151, 3417, 3045, 153, 3337, 828, 109, 2637, 1038, 1847, 1707,
                          3042, 157, 3127, 2278, 3269
  Coordinates...........: (3.16183e+08,4.03663e+08)
  Semiminor axis........: 9916.67
  Semimajor axis........: 49583.35
  Angle (degrees).......: -60.00
  Shape.................: 5.00
  Time frame............: 2011-10-18_7 to 2011-10-18_9
  Number of cases.......: 1752
  Expected cases........: 5197.65
  Observed / expected...: 0.34
  Test statistic........: 1540.740286

40.Location IDs included.: 1807, 1808, 1809, 525, 1810, 2207, 3277, 1811, 384, 14, 1812, 324,
                          605, 721, 672, 604, 722, 101, 3627, 5, 923, 1813, 2077, 3276, 3798,
                          3306, 3265, 1399, 543, 3780, 723, 2683, 3305, 2764, 385, 1711, 1668,
                          1814, 212, 603, 1704, 326, 724, 3044, 3741, 1710, 1624, 2519, 796,
                          2640, 718, 1815, 2684, 727, 216, 57, 3332, 1816, 3304, 3499, 1451,
                          2639, 597, 2037, 2766, 1715, 3112, 1482, 3290, 3797, 557, 3335, 3328,
                          1709, 2517, 809, 712, 1442, 1906, 452, 2881, 870, 3212, 3742, 98,
                          1548, 1953, 634, 716, 3327, 665, 2742, 3336, 1120, 3721, 514, 869,
                          3156, 2740, 2960, 156, 788, 2288, 2743, 155, 3326, 59, 3157, 3325,
                          3128, 3799, 2638, 3796, 54, 0, 2040, 3272, 154, 1406, 1714, 2, 342,
                          3155, 1731, 3779, 3419, 1, 1034, 1729, 2862, 1905, 3267, 68, 2767,
                          150, 151, 3417, 3045, 153, 3337, 828, 109, 2637, 1038, 1847, 1707,
                          3042, 157, 3127, 2278, 3269
  Coordinates...........: (3.16183e+08,4.03663e+08)
  Semiminor axis........: 9916.67
  Semimajor axis........: 49583.35
  Angle (degrees).......: -60.00
  Shape.................: 5.00
  Time frame............: 2011-10-12_8 to 2011-10-12_10
  Number of cases.......: 1979
  Expected cases........: 5565.41
  Observed / expected...: 0.36
  Test statistic........: 1540.492339

Processor :