                                 _____________________________

                                        SaTScan v9.4.2
                                 _____________________________


Program run on: Sun Aug 28 07:52:28 2016

Retrospective Space-Time analysis
scanning for clusters with high or low rates
using the Space-Time Permutation model.
_______________________________________________________________________________________________

SUMMARY OF DATA

Study period.......................: 0 to 743
Number of locations................: 3874
Total number of cases..............: 19190325
_______________________________________________________________________________________________
1.Location IDs included.: 602, 601, 417, 2686, 62, 942, 2639, 3267, 426, 939, 3287, 2640, 3269,
                          600, 712, 3288, 219, 2881, 3289, 3286, 1431, 101, 60, 788, 2690, 289,
                          789, 1429, 1953, 2638, 3265, 54, 801, 803, 2207, 2523, 1811, 599,
                          221, 1810, 1427, 1812, 1448, 634, 2637, 603, 2475, 1809, 525, 790,
                          3652, 1265, 1813, 1808, 64, 799, 1449, 3270, 2692, 1807, 276, 3277,
                          665, 3798, 2636, 3654, 2684, 13, 57, 749, 75, 791, 3797, 596, 3780,
                          2037, 604, 3651, 1120, 798, 1906, 792, 1585, 1433, 3284, 748, 3290,
                          3268, 3655, 275, 2634, 1558, 794, 746, 1905, 3779, 793, 699, 2007,
                          3417, 1814, 447, 3266, 66, 3796, 3042, 698, 2743, 796, 2695, 700,
                          2960, 1447, 3649, 277, 3638, 797, 514, 2090, 702, 543, 2087, 3721,
                          2683, 98, 3128, 2742, 3131, 1709, 2800, 3044, 3499, 585, 1710, 1580,
                          452, 2740, 3127, 3549, 1704, 750, 3112, 1711, 595, 1064, 556, 1065,
                          727, 2288, 1399, 3741, 2031, 2065, 724, 326, 52, 953
  Coordinates...........: (3.16188e+08,4.03676e+08)
  Semiminor axis........: 9979.28
  Semimajor axis........: 49896.42
  Angle (degrees).......: -84.00
  Shape.................: 5.00
  Time frame............: 2011-10-8_1 to 2011-10-8_3
  Number of cases.......: 12979
  Expected cases........: 4133.36
  Observed / expected...: 3.14
  Test statistic........: 6007.482705

2.Location IDs included.: 602, 601, 417, 2686, 62, 942, 2639, 3267, 426, 939, 3287, 2640, 3269,
                          600, 712, 3288, 219, 2881, 3289, 3286, 1431, 101, 60, 788, 2690, 289,
                          789, 1429, 1953, 2638, 3265, 54, 801, 803, 2207, 2523, 1811, 599,
                          221, 1810, 1427, 1812, 1448, 634, 2637, 603, 2475, 1809, 525, 790,
                          3652, 1265, 1813, 1808, 64, 799, 1449, 3270, 2692, 1807, 276, 3277,
                          665, 3798, 2636, 3654, 2684, 13, 57, 749, 75, 791, 3797, 596, 3780,
                          2037, 604, 3651, 1120, 798, 1906, 792, 1585, 1433, 3284, 748, 3290,
                          3268, 3655, 275, 2634, 1558, 794, 746, 1905, 3779, 793, 699, 2007,
                          3417, 1814, 447, 3266, 66, 3796, 3042, 698, 2743, 796, 2695, 700,
                          2960, 1447, 3649, 277, 3638, 797, 514, 2090, 702, 543, 2087, 3721,
                          2683, 98, 3128, 2742, 3131, 1709, 2800, 3044, 3499, 585, 1710, 1580,
                          452, 2740, 3127, 3549, 1704, 750, 3112, 1711, 595, 1064, 556, 1065,
                          727, 2288, 1399, 3741, 2031, 2065, 724, 326, 52, 953
  Coordinates...........: (3.16188e+08,4.03676e+08)
  Semiminor axis........: 9979.28
  Semimajor axis........: 49896.42
  Angle (degrees).......: -84.00
  Shape.................: 5.00
  Time frame............: 2011-10-15_1 to 2011-10-15_3
  Number of cases.......: 13298
  Expected cases........: 4380.04
  Observed / expected...: 3.04
  Test statistic........: 5852.243962

3.Location IDs included.: 602, 601, 417, 2686, 62, 942, 2639, 3267, 426, 939, 3287, 2640, 3269,
                          600, 712, 3288, 219, 2881, 3289, 3286, 1431, 101, 60, 788, 2690, 289,
                          789, 1429, 1953, 2638, 3265, 54, 801, 803, 2207, 2523, 1811, 599,
                          221, 1810, 1427, 1812, 1448, 634, 2637, 603, 2475, 1809, 525, 790,
                          3652, 1265, 1813, 1808, 64, 799, 1449, 3270, 2692, 1807, 276, 3277,
                          665, 3798, 2636, 3654, 2684, 13, 57, 749, 75, 791, 3797, 596, 3780,
                          2037, 604, 3651, 1120, 798, 1906, 792, 1585, 1433, 3284, 748, 3290,
                          3268, 3655, 275, 2634, 1558, 794, 746, 1905, 3779, 793, 699, 2007,
                          3417, 1814, 447, 3266, 66, 3796, 3042, 698, 2743, 796, 2695, 700,
                          2960, 1447, 3649, 277, 3638, 797, 514, 2090, 702, 543, 2087, 3721,
                          2683, 98, 3128, 2742, 3131, 1709, 2800, 3044, 3499, 585, 1710, 1580,
                          452, 2740, 3127, 3549, 1704, 750, 3112, 1711, 595, 1064, 556, 1065,
                          727, 2288, 1399, 3741, 2031, 2065, 724, 326, 52, 953
  Coordinates...........: (3.16188e+08,4.03676e+08)
  Semiminor axis........: 9979.28
  Semimajor axis........: 49896.42
  Angle (degrees).......: -84.00
  Shape.................: 5.00
  Time frame............: 2011-10-9_1 to 2011-10-9_3
  Number of cases.......: 13678
  Expected cases........: 4690.95
  Observed / expected...: 2.92
  Test statistic........: 5652.580599

4.Location IDs included.: 602, 601, 600, 712, 1447, 543, 3270, 2683, 2684, 57, 1436, 2077, 599,
                          5, 289, 3627, 603, 3306, 2638, 923, 3305, 3085, 54, 1382, 3269, 3273,
                          76, 3267, 326, 596, 3784, 3304, 426, 604, 3332, 1049, 14, 156, 2764,
                          721, 417, 939, 212, 953, 3290, 1058, 2686, 3593, 306, 2639, 764, 942,
                          668, 3491, 2016, 595, 2040, 385, 667, 586, 2015, 2766, 2521, 1433,
                          1155, 62, 640, 2637, 1668, 155, 2490, 384, 1455, 2024, 3302, 605,
                          511, 3274, 3421, 3265, 2690, 1156, 2014, 216, 1265, 594, 597, 3418,
                          2017, 636, 60, 2488, 960, 2767, 2283, 2281, 3289, 2284, 2294, 512,
                          2013, 1452, 3335, 2279, 2292, 3288, 209, 1428, 3277, 3806, 98, 1802,
                          2285, 2860, 2519, 3275, 788, 1025, 2692, 1965, 2881, 3040, 592, 64,
                          3214, 2487, 3287, 2277, 324, 2770, 1027, 1457, 722, 2787, 682, 1473,
                          670, 519, 1522, 154, 666, 1953, 3805, 2636, 3219, 718, 2640, 2788,
                          2012, 3039, 2771, 2695
  Coordinates...........: (3.16188e+08,4.03676e+08)
  Semiminor axis........: 9982.27
  Semimajor axis........: 49911.34
  Angle (degrees).......: -12.00
  Shape.................: 5.00
  Time frame............: 2011-10-23_1 to 2011-10-23_3
  Number of cases.......: 11877
  Expected cases........: 3905.46
  Observed / expected...: 3.04
  Test statistic........: 5240.015844

5.Location IDs included.: 602, 601, 600, 712, 1447, 543, 3270, 2683, 2684, 57, 1436, 2077, 599,
                          5, 289, 3627, 603, 3306, 2638, 923, 3305, 3085, 54, 1382, 3269, 3273,
                          76, 3267, 326, 596, 3784, 3304, 426, 604, 3332, 1049, 14, 156, 2764,
                          721, 417, 939, 212, 953, 3290, 1058, 2686, 3593, 306, 2639, 764, 942,
                          668, 3491, 2016, 595, 2040, 385, 667, 586, 2015, 2766, 2521, 1433,
                          1155, 62, 640, 2637, 1668, 155, 2490, 384, 1455, 2024, 3302, 605,
                          511, 3274, 3421, 3265, 2690, 1156, 2014, 216, 1265, 594, 597, 3418,
                          2017, 636, 60, 2488, 960, 2767, 2283, 2281, 3289, 2284, 2294, 512,
                          2013, 1452, 3335, 2279, 2292, 3288, 209, 1428, 3277, 3806, 98, 1802,
                          2285, 2860, 2519, 3275, 788, 1025, 2692, 1965, 2881, 3040, 592, 64,
                          3214, 2487, 3287, 2277, 324, 2770, 1027, 1457, 722, 2787, 682, 1473,
                          670, 519, 1522, 154, 666, 1953, 3805, 2636, 3219, 718, 2640, 2788,
                          2012, 3039, 2771, 2695
  Coordinates...........: (3.16188e+08,4.03676e+08)
  Semiminor axis........: 9982.27
  Semimajor axis........: 49911.34
  Angle (degrees).......: -12.00
  Shape.................: 5.00
  Time frame............: 2011-10-22_1 to 2011-10-22_3
  Number of cases.......: 10928
  Expected cases........: 3507.81
  Observed / expected...: 3.12
  Test statistic........: 4999.107563

6.Location IDs included.: 602, 601, 600, 712, 1447, 543, 3270, 2683, 2684, 57, 1436, 2077, 599,
                          5, 289, 3627, 603, 3306, 2638, 923, 3305, 3085, 54, 1382, 3269, 3273,
                          76, 3267, 326, 596, 3784, 3304, 426, 604, 3332, 1049, 14, 156, 2764,
                          721, 417, 939, 212, 953, 3290, 1058, 2686, 3593, 306, 2639, 764, 942,
                          668, 3491, 2016, 595, 2040, 385, 667, 586, 2015, 2766, 2521, 1433,
                          1155, 62, 640, 2637, 1668, 155, 2490, 384, 1455, 2024, 3302, 605,
                          511, 3274, 3421, 3265, 2690, 1156, 2014, 216, 1265, 594, 597, 3418,
                          2017, 636, 60, 2488, 960, 2767, 2283, 2281, 3289, 2284, 2294, 512,
                          2013, 1452, 3335, 2279, 2292, 3288, 209, 1428, 3277, 3806, 98, 1802,
                          2285, 2860, 2519, 3275, 788, 1025, 2692, 1965, 2881, 3040, 592, 64,
                          3214, 2487, 3287, 2277, 324, 2770, 1027, 1457, 722, 2787, 682, 1473,
                          670, 519, 1522, 154, 666, 1953, 3805, 2636, 3219, 718, 2640, 2788,
                          2012, 3039, 2771, 2695
  Coordinates...........: (3.16188e+08,4.03676e+08)
  Semiminor axis........: 9982.27
  Semimajor axis........: 49911.34
  Angle (degrees).......: -12.00
  Shape.................: 5.00
  Time frame............: 2011-10-2_1 to 2011-10-2_3
  Number of cases.......: 11335
  Expected cases........: 3764.28
  Observed / expected...: 3.01
  Test statistic........: 4925.754351

7.Location IDs included.: 602, 601, 600, 712, 1447, 543, 3270, 2683, 2684, 57, 1436, 2077, 599,
                          5, 289, 3627, 603, 3306, 2638, 923, 3305, 3085, 54, 1382, 3269, 3273,
                          76, 3267, 326, 596, 3784, 3304, 426, 604, 3332, 1049, 14, 156, 2764,
                          721, 417, 939, 212, 953, 3290, 1058, 2686, 3593, 306, 2639, 764, 942,
                          668, 3491, 2016, 595, 2040, 385, 667, 586, 2015, 2766, 2521, 1433,
                          1155, 62, 640, 2637, 1668, 155, 2490, 384, 1455, 2024, 3302, 605,
                          511, 3274, 3421, 3265, 2690, 1156, 2014, 216, 1265, 594, 597, 3418,
                          2017, 636, 60, 2488, 960, 2767, 2283, 2281, 3289, 2284, 2294, 512,
                          2013, 1452, 3335, 2279, 2292, 3288, 209, 1428, 3277, 3806, 98, 1802,
                          2285, 2860, 2519, 3275, 788, 1025, 2692, 1965, 2881, 3040, 592, 64,
                          3214, 2487, 3287, 2277, 324, 2770, 1027, 1457, 722, 2787, 682, 1473,
                          670, 519, 1522, 154, 666, 1953, 3805, 2636, 3219, 718, 2640, 2788,
                          2012, 3039, 2771, 2695
  Coordinates...........: (3.16188e+08,4.03676e+08)
  Semiminor axis........: 9982.27
  Semimajor axis........: 49911.34
  Angle (degrees).......: -12.00
  Shape.................: 5.00
  Time frame............: 2011-10-16_1 to 2011-10-16_3
  Number of cases.......: 11294
  Expected cases........: 3838.18
  Observed / expected...: 2.94
  Test statistic........: 4734.915853

8.Location IDs included.: 602, 601, 417, 2686, 62, 942, 2639, 3267, 426, 939, 3287, 2640, 3269,
                          600, 712, 3288, 219, 2881, 3289, 3286, 1431, 101, 60, 788, 2690, 289,
                          789, 1429, 1953, 2638, 3265, 54, 801, 803, 2207, 2523, 1811, 599,
                          221, 1810, 1427, 1812, 1448, 634, 2637, 603, 2475, 1809, 525, 790,
                          3652, 1265, 1813, 1808, 64, 799, 1449, 3270, 2692, 1807, 276, 3277,
                          665, 3798, 2636, 3654, 2684, 13, 57, 749, 75, 791, 3797, 596, 3780,
                          2037, 604, 3651, 1120, 798, 1906, 792, 1585, 1433, 3284, 748, 3290,
                          3268, 3655, 275, 2634, 1558, 794, 746, 1905, 3779, 793, 699, 2007,
                          3417, 1814, 447, 3266, 66, 3796, 3042, 698, 2743, 796, 2695, 700,
                          2960, 1447, 3649, 277, 3638, 797, 514, 2090, 702, 543, 2087, 3721,
                          2683, 98, 3128, 2742, 3131, 1709, 2800, 3044, 3499, 585, 1710, 1580,
                          452, 2740, 3127, 3549, 1704, 750, 3112, 1711, 595, 1064, 556, 1065,
                          727, 2288, 1399, 3741, 2031, 2065, 724, 326, 52, 953
  Coordinates...........: (3.16188e+08,4.03676e+08)
  Semiminor axis........: 9979.28
  Semimajor axis........: 49896.42
  Angle (degrees).......: -84.00
  Shape.................: 5.00
  Time frame............: 2011-10-29_1 to 2011-10-29_3
  Number of cases.......: 12318
  Expected cases........: 4553.79
  Observed / expected...: 2.70
  Test statistic........: 4495.002556

9.Location IDs included.: 602, 601, 417, 2686, 62, 942, 2639, 3267, 426, 939, 3287, 2640, 3269,
                          600, 712, 3288, 219, 2881, 3289, 3286, 1431, 101, 60, 788, 2690, 289,
                          789, 1429, 1953, 2638, 3265, 54, 801, 803, 2207, 2523, 1811, 599,
                          221, 1810, 1427, 1812, 1448, 634, 2637, 603, 2475, 1809, 525, 790,
                          3652, 1265, 1813, 1808, 64, 799, 1449, 3270, 2692, 1807, 276, 3277,
                          665, 3798, 2636, 3654, 2684, 13, 57, 749, 75, 791, 3797, 596, 3780,
                          2037, 604, 3651, 1120, 798, 1906, 792, 1585, 1433, 3284, 748, 3290,
                          3268, 3655, 275, 2634, 1558, 794, 746, 1905, 3779, 793, 699, 2007,
                          3417, 1814, 447, 3266, 66, 3796, 3042, 698, 2743, 796, 2695, 700,
                          2960, 1447, 3649, 277, 3638, 797, 514, 2090, 702, 543, 2087, 3721,
                          2683, 98, 3128, 2742, 3131, 1709, 2800, 3044, 3499, 585, 1710, 1580,
                          452, 2740, 3127, 3549, 1704, 750, 3112, 1711, 595, 1064, 556, 1065,
                          727, 2288, 1399, 3741, 2031, 2065, 724, 326, 52, 953
  Coordinates...........: (3.16188e+08,4.03676e+08)
  Semiminor axis........: 9979.28
  Semimajor axis........: 49896.42
  Angle (degrees).......: -84.00
  Shape.................: 5.00
  Time frame............: 2011-10-1_1 to 2011-10-1_3
  Number of cases.......: 10938
  Expected cases........: 3800.45
  Observed / expected...: 2.88
  Test statistic........: 4426.582877

10.Location IDs included.: 2919, 3717, 1456, 2661, 2813, 2817, 3718, 3020, 531, 3592, 3753,
                          3018, 1546, 353, 2812, 3754, 1506, 3752, 2272, 3582, 2818, 3022,
                          3433, 3583, 3751, 612, 1481, 3584, 2142, 3585, 1037, 1138, 3750,
                          3025, 3755, 3303, 3587, 2369, 186, 1488, 3802, 3217, 2810, 516, 188,
                          2662, 184, 3821, 3588, 305, 2819, 3220, 3221, 3161, 3301, 3589, 533,
                          3160, 3222, 1137, 3178, 3847, 2573, 1139, 3162, 413, 3226, 3853,
                          1215, 3227, 3560, 3223, 3229, 3756, 2574, 410, 3015, 3300, 2572,
                          2364, 3232, 408, 2968, 416, 2576, 2312, 2034, 406, 3299, 3313, 3312,
                          3031, 3315, 2313, 3311, 2569, 513, 811, 1412, 3316, 3106, 2820, 405,
                          502, 1611, 3308, 2314, 340, 1672, 520, 3163, 2287, 2290, 1670, 338,
                          3462, 10, 3590, 3196, 404, 515, 3012, 2084, 3448, 3734, 189, 3360,
                          2771, 2770, 2316, 3748, 337, 157, 2906, 875, 3165, 2767, 1673, 3166,
                          403, 2410, 3167, 2577, 1544, 298, 3302, 2017, 2493, 1077, 2040, 3168,
                          1965, 158, 2233, 2078
  Coordinates...........: (3.16152e+08,4.0363e+08)
  Semiminor axis........: 9901.81
  Semimajor axis........: 49509.04
  Angle (degrees).......: 72.00
  Shape.................: 5.00
  Time frame............: 2011-10-8_1 to 2011-10-8_3
  Number of cases.......: 12923
  Expected cases........: 5430.97
  Observed / expected...: 2.38
  Test statistic........: 3712.250789

11.Location IDs included.: 2640, 3267, 2639, 2881, 3269, 602, 601, 788, 1811, 101, 1953, 1812,
                          600, 2207, 417, 942, 712, 62, 2686, 1813, 426, 289, 939, 1810, 634,
                          3287, 3265, 3798, 3288, 2690, 60, 3286, 3289, 1265, 1809, 599, 219,
                          1431, 2638, 525, 665, 54, 3780, 1808, 1906, 789, 3797, 603, 1807,
                          3270, 1429, 801, 2037, 221, 2475, 1814, 3417, 3042, 2637, 2523, 803,
                          1905, 1120, 796, 3277, 64, 3779, 3638, 2692, 3796, 1427, 2800, 1448,
                          1433, 790, 2743, 3044, 2960, 596, 2684, 3652, 799, 514, 57, 3131,
                          556, 2636, 1449, 3721, 75, 604, 3128, 276, 2742, 3654, 3284, 1709,
                          1447, 1815, 13, 3127, 1439, 1064, 1065, 2007, 3499, 791, 3290, 2740,
                          66, 52, 2288, 749, 452, 2695, 3133, 3833, 2500, 1710, 3041, 3112,
                          3655, 798, 1704, 495, 3153, 792, 3651, 2634, 1711, 543, 3154, 1585,
                          727, 2499, 2797, 2683, 3741, 748, 1816, 953, 3834, 793, 794, 595,
                          1558, 724, 275, 1399, 3799, 3268, 3593, 277, 98
  Coordinates...........: (3.16189e+08,4.03666e+08)
  Semiminor axis........: 9826.33
  Semimajor axis........: 49131.66
  Angle (degrees).......: -84.00
  Shape.................: 5.00
  Time frame............: 2011-10-1_22 to 2011-10-2_0
  Number of cases.......: 14758
  Expected cases........: 6836.96
  Observed / expected...: 2.16
  Test statistic........: 3436.001545

12.Location IDs included.: 2620, 2618, 2621, 431, 3464, 2688, 1988, 2746, 2616, 3190, 2613,
                          2624, 487, 2625, 2612, 689, 1392, 3198, 2611, 1169, 1185, 1179, 1184,
                          1199, 2323, 2094, 3476, 1353, 3463, 654, 3173, 2627, 430, 1190, 1188,
                          2082, 1486, 357, 2081, 1207, 966, 432, 3249, 3744, 1786, 1327, 2745,
                          2747, 3465, 1174, 2654, 3452, 3074, 637, 3191, 3189, 1989, 2744,
                          2055, 1193, 1075, 3254, 1073, 2402, 3033, 1391, 1333, 2609, 1173,
                          1204, 3032, 136, 3347, 1314, 3296, 3533, 422, 688, 3758, 3199, 427,
                          3720, 3375, 1166, 3831, 2095, 1203, 2042, 3197, 1081, 1393, 1959,
                          1679, 3868, 1164, 1205, 1080, 2655, 1780, 3760, 292, 1168, 2607,
                          1145, 3530, 3572, 2653, 2092, 769, 3187, 1515, 423, 3352, 3519, 1214,
                          2606, 2772, 3434, 3439, 1158, 1559, 299, 421, 133, 742, 2605, 1973,
                          2039, 1560
  Coordinates...........: (3.16243e+08,4.03506e+08)
  Semiminor axis........: 9963.03
  Semimajor axis........: 49815.17
  Angle (degrees).......: -60.00
  Shape.................: 5.00
  Time frame............: 2011-10-30_1 to 2011-10-30_3
  Number of cases.......: 1770
  Expected cases........: 7609.75
  Observed / expected...: 0.23
  Test statistic........: 3259.165719

13.Location IDs included.: 2640, 3267, 2639, 2881, 3269, 602, 601, 788, 1811, 101, 1953, 1812,
                          600, 2207, 417, 942, 712, 62, 2686, 1813, 426, 289, 939, 1810, 634,
                          3287, 3265, 3798, 3288, 2690, 60, 3286, 3289, 1265, 1809, 599, 219,
                          1431, 2638, 525, 665, 54, 3780, 1808, 1906, 789, 3797, 603, 1807,
                          3270, 1429, 801, 2037, 221, 2475, 1814, 3417, 3042, 2637, 2523, 803,
                          1905, 1120, 796, 3277, 64, 3779, 3638, 2692, 3796, 1427, 2800, 1448,
                          1433, 790, 2743, 3044, 2960, 596, 2684, 3652, 799, 514, 57, 3131,
                          556, 2636, 1449, 3721, 75, 604, 3128, 276, 2742, 3654, 3284, 1709,
                          1447, 1815, 13, 3127, 1439, 1064, 1065, 2007, 3499, 791, 3290, 2740,
                          66, 52, 2288, 749, 452, 2695, 3133, 3833, 2500, 1710, 3041, 3112,
                          3655, 798, 1704, 495, 3153, 792, 3651, 2634, 1711, 543, 3154, 1585,
                          727, 2499, 2797, 2683, 3741, 748, 1816, 953, 3834, 793, 794, 595,
                          1558, 724, 275, 1399, 3799, 3268, 3593, 277, 98
  Coordinates...........: (3.16189e+08,4.03666e+08)
  Semiminor axis........: 9826.33
  Semimajor axis........: 49131.66
  Angle (degrees).......: -84.00
  Shape.................: 5.00
  Time frame............: 2011-10-15_22 to 2011-10-16_0
  Number of cases.......: 14867
  Expected cases........: 7073.30
  Observed / expected...: 2.10
  Test statistic........: 3251.322802

14.Location IDs included.: 2919, 3717, 1456, 2661, 2813, 2817, 3718, 3020, 531, 3592, 3753,
                          3018, 1546, 353, 2812, 3754, 1506, 3752, 2272, 3582, 2818, 3022,
                          3433, 3583, 3751, 612, 1481, 3584, 2142, 3585, 1037, 1138, 3750,
                          3025, 3755, 3303, 3587, 2369, 186, 1488, 3802, 3217, 2810, 516, 188,
                          2662, 184, 3821, 3588, 305, 2819, 3220, 3221, 3161, 3301, 3589, 533,
                          3160, 3222, 1137, 3178, 3847, 2573, 1139, 3162, 413, 3226, 3853,
                          1215, 3227, 3560, 3223, 3229, 3756, 2574, 410, 3015, 3300, 2572,
                          2364, 3232, 408, 2968, 416, 2576, 2312, 2034, 406, 3299, 3313, 3312,
                          3031, 3315, 2313, 3311, 2569, 513, 811, 1412, 3316, 3106, 2820, 405,
                          502, 1611, 3308, 2314, 340, 1672, 520, 3163, 2287, 2290, 1670, 338,
                          3462, 10, 3590, 3196, 404, 515, 3012, 2084, 3448, 3734, 189, 3360,
                          2771, 2770, 2316, 3748, 337, 157, 2906, 875, 3165, 2767, 1673, 3166,
                          403, 2410, 3167, 2577, 1544, 298, 3302, 2017, 2493, 1077, 2040, 3168,
                          1965, 158, 2233, 2078
  Coordinates...........: (3.16152e+08,4.0363e+08)
  Semiminor axis........: 9901.81
  Semimajor axis........: 49509.04
  Angle (degrees).......: 72.00
  Shape.................: 5.00
  Time frame............: 2011-10-15_1 to 2011-10-15_3
  Number of cases.......: 12731
  Expected cases........: 5825.59
  Observed / expected...: 2.19
  Test statistic........: 3048.656750

15.Location IDs included.: 602, 601, 417, 2686, 62, 942, 2639, 3267, 426, 939, 3287, 2640, 3269,
                          600, 712, 3288, 219, 2881, 3289, 3286, 1431, 101, 60, 788, 2690, 289,
                          789, 1429, 1953, 2638, 3265, 54, 801, 803, 2207, 2523, 1811, 599,
                          221, 1810, 1427, 1812, 1448, 634, 2637, 603, 2475, 1809, 525, 790,
                          3652, 1265, 1813, 1808, 64, 799, 1449, 3270, 2692, 1807, 276, 3277,
                          665, 3798, 2636, 3654, 2684, 13, 57, 749, 75, 791, 3797, 596, 3780,
                          2037, 604, 3651, 1120, 798, 1906, 792, 1585, 1433, 3284, 748, 3290,
                          3268, 3655, 275, 2634, 1558, 794, 746, 1905, 3779, 793, 699, 2007,
                          3417, 1814, 447, 3266, 66, 3796, 3042, 698, 2743, 796, 2695, 700,
                          2960, 1447, 3649, 277, 3638, 797, 514, 2090, 702, 543, 2087, 3721,
                          2683, 98, 3128, 2742, 3131, 1709, 2800, 3044, 3499, 585, 1710, 1580,
                          452, 2740, 3127, 3549, 1704, 750, 3112, 1711, 595, 1064, 556, 1065,
                          727, 2288, 1399, 3741, 2031, 2065, 724, 326, 52, 953
  Coordinates...........: (3.16188e+08,4.03676e+08)
  Semiminor axis........: 9979.28
  Semimajor axis........: 49896.42
  Angle (degrees).......: -84.00
  Shape.................: 5.00
  Time frame............: 2011-10-7_22 to 2011-10-8_0
  Number of cases.......: 12134
  Expected cases........: 5492.14
  Observed / expected...: 2.21
  Test statistic........: 2977.813723

16.Location IDs included.: 2640, 3267, 2639, 2881, 3269, 602, 601, 788, 1811, 101, 1953, 1812,
                          600, 2207, 417, 942, 712, 62, 2686, 1813, 426, 289, 939, 1810, 634,
                          3287, 3265, 3798, 3288, 2690, 60, 3286, 3289, 1265, 1809, 599, 219,
                          1431, 2638, 525, 665, 54, 3780, 1808, 1906, 789, 3797, 603, 1807,
                          3270, 1429, 801, 2037, 221, 2475, 1814, 3417, 3042, 2637, 2523, 803,
                          1905, 1120, 796, 3277, 64, 3779, 3638, 2692, 3796, 1427, 2800, 1448,
                          1433, 790, 2743, 3044, 2960, 596, 2684, 3652, 799, 514, 57, 3131,
                          556, 2636, 1449, 3721, 75, 604, 3128, 276, 2742, 3654, 3284, 1709,
                          1447, 1815, 13, 3127, 1439, 1064, 1065, 2007, 3499, 791, 3290, 2740,
                          66, 52, 2288, 749, 452, 2695, 3133, 3833, 2500, 1710, 3041, 3112,
                          3655, 798, 1704, 495, 3153, 792, 3651, 2634, 1711, 543, 3154, 1585,
                          727, 2499, 2797, 2683, 3741, 748, 1816, 953, 3834, 793, 794, 595,
                          1558, 724, 275, 1399, 3799, 3268, 3593, 277, 98, 555, 746, 585
  Coordinates...........: (3.16189e+08,4.03666e+08)
  Semiminor axis........: 9940.41
  Semimajor axis........: 49702.03
  Angle (degrees).......: -84.00
  Shape.................: 5.00
  Time frame............: 2011-10-8_22 to 2011-10-9_0
  Number of cases.......: 14096
  Expected cases........: 6822.60
  Observed / expected...: 2.07
  Test statistic........: 2956.728869

17.Location IDs included.: 602, 601, 417, 2686, 62, 942, 2639, 3267, 426, 939, 3287, 2640, 3269,
                          600, 712, 3288, 219, 2881, 3289, 3286, 1431, 101, 60, 788, 2690, 289,
                          789, 1429, 1953, 2638, 3265, 54, 801, 803, 2207, 2523, 1811, 599,
                          221, 1810, 1427, 1812, 1448, 634, 2637, 603, 2475, 1809, 525, 790,
                          3652, 1265, 1813, 1808, 64, 799, 1449, 3270, 2692, 1807, 276, 3277,
                          665, 3798, 2636, 3654, 2684, 13, 57, 749, 75, 791, 3797, 596, 3780,
                          2037, 604, 3651, 1120, 798, 1906, 792, 1585, 1433, 3284, 748, 3290,
                          3268, 3655, 275, 2634, 1558, 794, 746, 1905, 3779, 793, 699, 2007,
                          3417, 1814, 447, 3266, 66, 3796, 3042, 698, 2743, 796, 2695, 700,
                          2960, 1447, 3649, 277, 3638, 797, 514, 2090, 702, 543, 2087, 3721,
                          2683, 98, 3128, 2742, 3131, 1709, 2800, 3044, 3499, 585, 1710, 1580,
                          452, 2740, 3127, 3549, 1704, 750, 3112, 1711, 595, 1064, 556, 1065,
                          727, 2288, 1399, 3741, 2031, 2065, 724, 326, 52, 953
  Coordinates...........: (3.16188e+08,4.03676e+08)
  Semiminor axis........: 9979.28
  Semimajor axis........: 49896.42
  Angle (degrees).......: -84.00
  Shape.................: 5.00
  Time frame............: 2011-10-14_22 to 2011-10-15_0
  Number of cases.......: 12652
  Expected cases........: 5905.54
  Observed / expected...: 2.14
  Test statistic........: 2894.579261

18.Location IDs included.: 602, 601, 600, 712, 1447, 543, 3270, 2683, 2684, 57, 1436, 2077, 599,
                          5, 289, 3627, 603, 3306, 2638, 923, 3305, 3085, 54, 1382, 3269, 3273,
                          76, 3267, 326, 596, 3784, 3304, 426, 604, 3332, 1049, 14, 156, 2764,
                          721, 417, 939, 212, 953, 3290, 1058, 2686, 3593, 306, 2639, 764, 942,
                          668, 3491, 2016, 595, 2040, 385, 667, 586, 2015, 2766, 2521, 1433,
                          1155, 62, 640, 2637, 1668, 155, 2490, 384, 1455, 2024, 3302, 605,
                          511, 3274, 3421, 3265, 2690, 1156, 2014, 216, 1265, 594, 597, 3418,
                          2017, 636, 60, 2488, 960, 2767, 2283, 2281, 3289, 2284, 2294, 512,
                          2013, 1452, 3335, 2279, 2292, 3288, 209, 1428, 3277, 3806, 98, 1802,
                          2285, 2860, 2519, 3275, 788, 1025, 2692, 1965, 2881, 3040, 592, 64,
                          3214, 2487, 3287, 2277, 324, 2770, 1027, 1457, 722, 2787, 682, 1473,
                          670, 519, 1522, 154, 666, 1953, 3805, 2636, 3219, 718, 2640, 2788,
                          2012, 3039, 2771, 2695
  Coordinates...........: (3.16188e+08,4.03676e+08)
  Semiminor axis........: 9982.27
  Semimajor axis........: 49911.34
  Angle (degrees).......: -12.00
  Shape.................: 5.00
  Time frame............: 2011-10-30_0 to 2011-10-30_2
  Number of cases.......: 10397
  Expected cases........: 4439.74
  Observed / expected...: 2.34
  Test statistic........: 2890.682451

19.Location IDs included.: 1506, 353, 3433, 1546, 1481, 3018, 3020, 1037, 3718, 186, 2272, 1488,
                          1456, 184, 188, 3717, 3022, 3161, 3592, 2919, 3160, 2573, 413, 3162,
                          2661, 2813, 3585, 3227, 2574, 3025, 3584, 3229, 3587, 410, 3226,
                          3583, 3582, 3853, 3588, 3221, 2812, 3222, 2817, 3847, 3220, 3589,
                          3232, 3223, 408, 3821, 2662, 416, 305, 2572, 3217, 2312, 2576, 531,
                          2034, 406, 3802, 2313, 2142, 3015, 2818, 3106, 2810, 3753, 2314, 405,
                          612, 3316, 340, 2569, 3163, 3315, 3754, 3313, 338, 3752, 3312, 404,
                          533, 2084, 2819, 3031, 2316, 3448, 189, 337, 3311, 3755, 3012, 3751,
                          1137, 403, 516, 1138, 513, 3299, 2078, 2577, 1544, 1077, 3303, 502,
                          3462, 1074, 3167, 2233, 3168, 3169, 3166, 2647
  Coordinates...........: (3.16147e+08,4.03617e+08)
  Semiminor axis........: 9261.44
  Semimajor axis........: 37045.74
  Angle (degrees).......: 75.00
  Shape.................: 4.00
  Time frame............: 2011-10-9_0 to 2011-10-9_2
  Number of cases.......: 12587
  Expected cases........: 5872.88
  Observed / expected...: 2.14
  Test statistic........: 2882.361279

20.Location IDs included.: 1506, 353, 3433, 1546, 1481, 3018, 3020, 1037, 3718, 186, 2272, 1488,
                          1456, 184, 188, 3717, 3022, 3161, 3592, 2919, 3160, 2573, 413, 3162,
                          2661, 2813, 3585, 3227, 2574, 3025, 3584, 3229, 3587, 410, 3226,
                          3583, 3582, 3853, 3588, 3221, 2812, 3222, 2817, 3847, 3220, 3589,
                          3232, 3223, 408, 3821, 2662, 416, 305, 2572, 3217, 2312, 2576, 531,
                          2034, 406, 3802, 2313, 2142, 3015, 2818, 3106, 2810, 3753, 2314, 405,
                          612, 3316, 340, 2569, 3163, 3315, 3754, 3313, 338, 3752, 3312, 404,
                          533, 2084, 2819, 3031, 2316, 3448, 189, 337, 3311, 3755, 3012, 3751,
                          1137, 403, 516, 1138, 513, 3299, 2078, 2577, 1544, 1077, 3303, 502,
                          3462, 1074, 3167, 2233, 3168, 3169, 3166, 2647
  Coordinates...........: (3.16147e+08,4.03617e+08)
  Semiminor axis........: 9261.44
  Semimajor axis........: 37045.74
  Angle (degrees).......: 75.00
  Shape.................: 4.00
  Time frame............: 2011-10-22_1 to 2011-10-22_3
  Number of cases.......: 10444
  Expected cases........: 4512.13
  Observed / expected...: 2.31
  Test statistic........: 2834.250993

21.Location IDs included.: 3780, 1814, 3798, 3044, 1813, 796, 1815, 1812, 1811, 1816, 2207, 557,
                          1810, 1442, 3797, 1906, 2037, 1809, 3156, 1808, 3157, 1807, 3155,
                          525, 3499, 2743, 2960, 3779, 1710, 3796, 1905, 1709, 3417, 1704,
                          3721, 2742, 1711, 3112, 3042, 101, 1034, 727, 3419, 3128, 3272, 3741,
                          452, 3799, 724, 3045, 3638, 1038, 2740, 2288, 1399, 1707, 109, 723,
                          2800, 514, 2803, 1847, 1120, 2914, 3127, 558, 556, 3277, 3131, 653,
                          2640, 665, 672, 1443, 3276, 1439
  Coordinates...........: (3.16194e+08,4.03644e+08)
  Semiminor axis........: 9742.75
  Semimajor axis........: 29228.26
  Angle (degrees).......: -60.00
  Shape.................: 3.00
  Time frame............: 2011-10-22_1 to 2011-10-22_3
  Number of cases.......: 7621
  Expected cases........: 2655.01
  Observed / expected...: 2.87
  Test statistic........: 3070.675043

22.Location IDs included.: 3780, 1814, 3798, 3044, 1813, 796, 1815, 1812, 1811, 1816, 2207, 557,
                          1810, 1442, 3797, 1906, 2037, 1809, 3156, 1808, 3157, 1807, 3155,
                          525, 3499, 2743, 2960, 3779, 1710, 3796, 1905, 1709, 3417, 1704,
                          3721, 2742, 1711, 3112, 3042, 101, 1034, 727, 3419, 3128, 3272, 3741,
                          452, 3799, 724, 3045, 3638, 1038, 2740, 2288, 1399, 1707, 109, 723,
                          2800, 514, 2803, 1847, 1120, 2914, 3127, 558, 556, 3277, 3131, 653,
                          2640, 665, 672, 1443, 3276, 1439, 3265, 3742
  Coordinates...........: (3.16194e+08,4.03644e+08)
  Semiminor axis........: 9879.44
  Semimajor axis........: 29638.31
  Angle (degrees).......: -60.00
  Shape.................: 3.00
  Time frame............: 2011-10-2_1 to 2011-10-2_3
  Number of cases.......: 8255
  Expected cases........: 3151.12
  Observed / expected...: 2.62
  Test statistic........: 2846.860788

23.Location IDs included.: 602, 601, 417, 2686, 62, 942, 2639, 3267, 426, 939, 3287, 2640, 3269,
                          600, 712, 3288, 219, 2881, 3289, 3286, 1431, 101, 60, 788, 2690, 289,
                          789, 1429, 1953, 2638, 3265, 54, 801, 803, 2207, 2523, 1811, 599,
                          221, 1810, 1427, 1812, 1448, 634, 2637, 603, 2475, 1809, 525, 790,
                          3652, 1265, 1813, 1808, 64, 799, 1449, 3270, 2692, 1807, 276, 3277,
                          665, 3798, 2636, 3654, 2684, 13, 57, 749, 75, 791, 3797, 596, 3780,
                          2037, 604, 3651, 1120, 798, 1906, 792, 1585, 1433, 3284, 748, 3290,
                          3268, 3655, 275, 2634, 1558, 794, 746, 1905, 3779, 793, 699, 2007,
                          3417, 1814, 447, 3266, 66, 3796, 3042, 698, 2743, 796, 2695, 700,
                          2960, 1447, 3649, 277, 3638, 797, 514, 2090, 702, 543, 2087, 3721,
                          2683, 98, 3128, 2742, 3131, 1709, 2800, 3044, 3499, 585, 1710, 1580,
                          452, 2740, 3127, 3549, 1704, 750, 3112, 1711, 595, 1064, 556, 1065,
                          727, 2288, 1399, 3741, 2031, 2065, 724, 326, 52, 953
  Coordinates...........: (3.16188e+08,4.03676e+08)
  Semiminor axis........: 9979.28
  Semimajor axis........: 49896.42
  Angle (degrees).......: -84.00
  Shape.................: 5.00
  Time frame............: 2011-10-22_22 to 2011-10-23_0
  Number of cases.......: 12464
  Expected cases........: 5912.38
  Observed / expected...: 2.11
  Test statistic........: 2745.093124

24.Location IDs included.: 602, 601, 417, 2686, 62, 942, 2639, 3267, 426, 939, 3287, 2640, 3269,
                          600, 712, 3288, 219, 2881, 3289, 3286, 1431, 101, 60, 788, 2690, 289,
                          789, 1429, 1953, 2638, 3265, 54, 801, 803, 2207, 2523, 1811, 599,
                          221, 1810, 1427, 1812, 1448, 634, 2637, 603, 2475, 1809, 525, 790,
                          3652, 1265, 1813, 1808, 64, 799, 1449, 3270, 2692, 1807, 276, 3277,
                          665, 3798, 2636, 3654, 2684, 13, 57, 749, 75, 791, 3797, 596, 3780,
                          2037, 604, 3651, 1120, 798, 1906, 792, 1585, 1433, 3284, 748, 3290,
                          3268, 3655, 275, 2634, 1558, 794, 746, 1905, 3779, 793, 699, 2007,
                          3417, 1814, 447, 3266, 66, 3796, 3042, 698, 2743, 796, 2695, 700,
                          2960, 1447, 3649, 277, 3638, 797, 514, 2090, 702, 543, 2087, 3721,
                          2683, 98, 3128, 2742, 3131, 1709, 2800, 3044, 3499, 585, 1710, 1580,
                          452, 2740, 3127, 3549, 1704, 750, 3112, 1711, 595, 1064, 556, 1065,
                          727, 2288, 1399, 3741, 2031, 2065, 724, 326, 52, 953
  Coordinates...........: (3.16188e+08,4.03676e+08)
  Semiminor axis........: 9979.28
  Semimajor axis........: 49896.42
  Angle (degrees).......: -84.00
  Shape.................: 5.00
  Time frame............: 2011-10-21_22 to 2011-10-22_0
  Number of cases.......: 12248
  Expected cases........: 5750.14
  Observed / expected...: 2.13
  Test statistic........: 2764.414333

25.Location IDs included.: 353, 1506, 1546, 3433, 3018, 3718, 3020, 1481, 2272, 1456, 1037,
                          3717, 2919, 186, 3592, 1488, 184, 3022, 188, 2813, 2661, 3161, 2812,
                          3221, 2817, 3220, 3222, 3584, 3821, 3583, 3582, 3226, 3585, 3227,
                          3853, 2662, 3160, 3847, 3025, 3229, 3587, 3217, 3162, 3223, 531, 413,
                          2573, 410, 3588, 3802, 3232, 2574, 3589, 408, 305, 3015, 2810, 2818,
                          2142, 612, 3753, 406, 2572, 416, 2576, 2034, 2312, 3754, 405, 3752,
                          2313, 3106, 340, 3316, 2314, 2569, 3163, 3315, 3313, 338, 533, 404,
                          2819, 3312, 1137, 2084, 3751, 3012, 3755, 3031, 516, 3299, 337, 1138,
                          3311, 403, 189, 2316, 3448, 3303, 3462, 513, 2078, 3167, 3166, 3168,
                          2233, 3169, 3165, 3750, 2906, 502, 3734, 3135, 3170, 2577, 402, 3756,
                          2369, 3171, 3308, 2820, 1544, 1139, 1077, 811, 2237, 1074, 2364, 515,
                          3178, 2074, 2410, 2570, 2647, 3007
  Coordinates...........: (3.16148e+08,4.03619e+08)
  Semiminor axis........: 9926.60
  Semimajor axis........: 39706.40
  Angle (degrees).......: 75.00
  Shape.................: 4.00
  Time frame............: 2011-10-2_1 to 2011-10-2_3
  Number of cases.......: 11190
  Expected cases........: 5144.02
  Observed / expected...: 2.18
  Test statistic........: 2651.666903

26.Location IDs included.: 2621, 2620, 431, 2618, 2688, 2746, 3464, 3190, 1988, 2624, 2616,
                          2625, 2613, 689, 487, 3198, 2612, 2627, 1392, 1179, 1169, 1199, 1185,
                          3476, 1184, 1353, 654, 1190, 2094, 430, 3463, 2654, 2323, 357, 1207,
                          2611, 3173, 2745, 1188, 3452, 432, 1486, 1786, 966, 3249, 2747, 3189,
                          1327, 3191, 2081, 2402, 3744, 1193, 2082, 1075, 3465, 1073, 3074,
                          1174, 1204, 3033, 1989, 3032, 2744, 422, 136, 637, 3254, 2055, 3533,
                          688, 3199, 1333, 1391, 1173, 1203, 3197, 2609, 3720, 3868, 1081,
                          3347, 1314, 3831, 2095, 3296, 1205, 1080, 2655, 427, 3375, 3758,
                          1145, 1166, 3572, 2653, 3530, 1393, 2042, 1959, 1164, 1679, 2772,
                          1780, 3519, 423, 1214, 292, 3760, 1168, 2092, 299, 2607, 133, 421,
                          742, 3187, 769, 1515, 3352, 1146, 1212, 974, 2606, 2630, 3434, 3439,
                          1559, 1158
  Coordinates...........: (3.16244e+08,4.03504e+08)
  Semiminor axis........: 9971.97
  Semimajor axis........: 49859.86
  Angle (degrees).......: -60.00
  Shape.................: 5.00
  Time frame............: 2011-10-29_22 to 2011-10-30_0
  Number of cases.......: 3445
  Expected cases........: 9521.22
  Observed / expected...: 0.36
  Test statistic........: 2574.988198

27.Location IDs included.: 742, 2630, 2772, 546, 1145, 3868, 2633, 422, 925, 2635, 2402, 2654,
                          1096, 2627, 762, 3198, 163, 614, 1211, 3609, 689, 1904, 1212, 1225,
                          133, 2501, 882, 3211, 3515, 2777, 974, 1214, 545, 1229, 421, 2625,
                          272, 3572, 2779, 1379, 3827, 3519, 547, 888, 2773, 1792, 924, 1146,
                          1205, 2653, 926, 1216, 2624, 299, 450, 2814, 771, 1080, 1203, 423,
                          1238, 1097, 1095, 3197, 3530, 3533, 3190, 3231, 1944, 2558, 3228,
                          2655, 688, 1332, 1204, 1250, 2746, 162, 1081, 1686, 3032, 439, 1193,
                          1236, 3199, 1606, 2552, 1073, 2688, 3452, 2280, 136, 1232, 2547,
                          3189, 755, 1207, 431, 3033, 820, 3711, 1794, 2559, 2745, 754, 1190,
                          1075, 2621, 440, 1247, 2556, 2656, 357, 3476, 3191, 2927, 1249, 2620,
                          438, 430, 827, 1199, 2747
  Coordinates...........: (3.16266e+08,4.03464e+08)
  Semiminor axis........: 9993.46
  Semimajor axis........: 49967.30
  Angle (degrees).......: -60.00
  Shape.................: 5.00
  Time frame............: 2011-10-1_0 to 2011-10-1_2
  Number of cases.......: 954
  Expected cases........: 5071.38
  Observed / expected...: 0.19
  Test statistic........: 2523.962234

28.Location IDs included.: 742, 2630, 2772, 546, 1145, 3868, 2633, 422, 925, 2635, 2402, 2654,
                          1096, 2627, 762, 3198, 163, 614, 1211, 3609, 689, 1904, 1212, 1225,
                          133, 2501, 882, 3211, 3515, 2777, 974, 1214, 545, 1229, 421, 2625,
                          272, 3572, 2779, 1379, 3827, 3519, 547, 888, 2773, 1792, 924, 1146,
                          1205, 2653, 926, 1216, 2624, 299, 450, 2814, 771, 1080, 1203, 423,
                          1238, 1097, 1095, 3197, 3530, 3533, 3190, 3231, 1944, 2558, 3228,
                          2655, 688, 1332, 1204, 1250, 2746, 162, 1081, 1686, 3032, 439, 1193,
                          1236, 3199, 1606, 2552, 1073, 2688, 3452, 2280, 136, 1232, 2547,
                          3189, 755, 1207, 431, 3033, 820, 3711, 1794, 2559, 2745, 754, 1190,
                          1075, 2621, 440, 1247, 2556, 2656, 357, 3476, 3191, 2927, 1249, 2620,
                          438, 430, 827, 1199, 2747
  Coordinates...........: (3.16266e+08,4.03464e+08)
  Semiminor axis........: 9993.46
  Semimajor axis........: 49967.30
  Angle (degrees).......: -60.00
  Shape.................: 5.00
  Time frame............: 2011-10-29_0 to 2011-10-29_2
  Number of cases.......: 1295
  Expected cases........: 5742.00
  Observed / expected...: 0.23
  Test statistic........: 2518.869213

29.Location IDs included.: 2618, 2620, 3464, 2621, 1988, 431, 2616, 2688, 2613, 2746, 487, 3190,
                          2612, 2624, 1392, 2625, 2611, 689, 1185, 2082, 1169, 1184, 2323,
                          1179, 3463, 1199, 1188, 2094, 3173, 1353, 1486, 3198, 2081, 3476,
                          654, 637, 3744, 430, 1174, 1190, 3249, 966, 1327, 3074, 432, 3465,
                          357, 1786, 1989, 2627, 2055, 1207, 2744, 2609, 2747, 2745, 3254,
                          1173, 1391, 3452, 3191, 1333, 3189, 2654, 1075, 1314, 3347, 3758,
                          3296, 1193, 1073, 3033, 427, 3375, 1166, 2042, 1204, 2402, 3032,
                          1679, 136, 1393, 1959, 3720, 1164, 3533, 2095, 3831, 3760, 688, 3199,
                          1780, 422, 292, 2607, 1168, 1203, 1081, 3197, 2092, 769, 3187, 2606,
                          3868, 1515, 1205, 2655, 1080, 3352, 3439, 3434, 3530, 1158, 1559,
                          3572, 2653, 1145, 2605, 1973, 2039, 423, 1560, 3519, 1214, 2772, 814,
                          3355, 2038, 299
  Coordinates...........: (3.16241e+08,4.03509e+08)
  Semiminor axis........: 9992.93
  Semimajor axis........: 49964.67
  Angle (degrees).......: -60.00
  Shape.................: 5.00
  Time frame............: 2011-10-16_2 to 2011-10-16_4
  Number of cases.......: 1241
  Expected cases........: 5607.58
  Observed / expected...: 0.22
  Test statistic........: 2495.393449

30.Location IDs included.: 2621, 2620, 431, 2618, 2688, 2746, 3464, 3190, 1988, 2624, 2616,
                          2625, 2613, 689, 487, 3198, 2612, 2627, 1392, 1179, 1169, 1199, 1185,
                          3476, 1184, 1353, 654, 1190, 2094, 430, 3463, 2654, 2323, 357, 1207,
                          2611, 3173, 2745, 1188, 3452, 432, 1486, 1786, 966, 3249, 2747, 3189,
                          1327, 3191, 2081, 2402, 3744, 1193, 2082, 1075, 3465, 1073, 3074,
                          1174, 1204, 3033, 1989, 3032, 2744, 422, 136, 637, 3254, 2055, 3533,
                          688, 3199, 1333, 1391, 1173, 1203, 3197, 2609, 3720, 3868, 1081,
                          3347, 1314, 3831, 2095, 3296, 1205, 1080, 2655, 427, 3375, 3758,
                          1145, 1166, 3572, 2653, 3530, 1393, 2042, 1959, 1164, 1679, 2772,
                          1780, 3519, 423, 1214, 292, 3760, 1168, 2092, 299, 2607, 133, 421,
                          742, 3187, 769, 1515, 3352, 1146, 1212, 974, 2606, 2630, 3434, 3439,
                          1559, 1158
  Coordinates...........: (3.16244e+08,4.03504e+08)
  Semiminor axis........: 9971.97
  Semimajor axis........: 49859.86
  Angle (degrees).......: -60.00
  Shape.................: 5.00
  Time frame............: 2011-10-23_1 to 2011-10-23_3
  Number of cases.......: 1794
  Expected cases........: 6642.09
  Observed / expected...: 0.27
  Test statistic........: 2500.387815

31.Location IDs included.: 603, 604, 712, 14, 3269, 3267, 289, 721, 3627, 923, 5, 2764, 2077,
                          3270, 2639, 3304, 602, 543, 3305, 2766, 2040, 601, 953, 1668, 2683,
                          384, 76, 3593, 605, 1447, 1433, 3265, 3302, 3491, 1058, 2684, 3085,
                          600, 2490, 3306, 156, 2767, 2017, 57, 1265, 3784, 3335, 667, 1436,
                          3277, 1382, 636, 1155, 3332, 1156, 209, 1965, 788, 599, 2016, 2638,
                          2881, 324, 2770, 2285, 3421, 2284, 54, 960, 722, 2015, 326, 2283,
                          212, 1049, 3273, 2771, 157, 1953, 2640, 1457, 2521, 586, 511, 1455,
                          2281, 426, 2286, 596, 666, 1157, 3298, 3418, 939, 417, 3290, 668,
                          672, 2292, 519, 3276, 3039, 2860, 764, 682, 2686, 385, 155, 1624,
                          2788, 2014, 3038, 306, 1458, 2279, 2488, 101, 942, 2787, 3805, 595,
                          640, 1670, 1428, 1459, 2789
  Coordinates...........: (3.16183e+08,4.03674e+08)
  Semiminor axis........: 9060.37
  Semimajor axis........: 45301.87
  Angle (degrees).......: -12.00
  Shape.................: 5.00
  Time frame............: 2011-10-9_1 to 2011-10-9_3
  Number of cases.......: 7446
  Expected cases........: 2915.40
  Observed / expected...: 2.55
  Test statistic........: 2451.822967

32.Location IDs included.: 353, 1506, 1546, 3433, 3018, 3718, 3020, 1481, 2272, 1456, 1037,
                          3717, 2919, 186, 3592, 1488, 184, 3022, 188, 2813, 2661, 3161, 2812,
                          3221, 2817, 3220, 3222, 3584, 3821, 3583, 3582, 3226, 3585, 3227,
                          3853, 2662, 3160, 3847, 3025, 3229, 3587, 3217, 3162, 3223, 531, 413,
                          2573, 410, 3588, 3802, 3232, 2574, 3589, 408, 305, 3015, 2810, 2818,
                          2142, 612, 3753, 406, 2572, 416, 2576, 2034, 2312, 3754, 405, 3752,
                          2313, 3106, 340, 3316, 2314, 2569, 3163, 3315, 3313, 338, 533, 404,
                          2819, 3312, 1137, 2084, 3751, 3012, 3755, 3031, 516, 3299, 337, 1138,
                          3311, 403, 189, 2316, 3448, 3303, 3462, 513, 2078, 3167, 3166, 3168,
                          2233, 3169, 3165, 3750, 2906, 502, 3734, 3135, 3170, 2577, 402, 3756,
                          2369, 3171, 3308, 2820, 1544, 1139, 1077, 811, 2237, 1074, 2364, 515,
                          3178, 2074
  Coordinates...........: (3.16148e+08,4.03619e+08)
  Semiminor axis........: 9755.88
  Semimajor axis........: 39023.52
  Angle (degrees).......: 75.00
  Shape.................: 4.00
  Time frame............: 2011-10-21_0 to 2011-10-21_2
  Number of cases.......: 9176
  Expected cases........: 4036.56
  Observed / expected...: 2.27
  Test statistic........: 2396.554459

33.Location IDs included.: 2881, 1953, 788, 634, 665, 2639, 3267, 2640, 1120, 712, 3269, 514,
                          602, 1265, 2638, 2288, 54, 601, 3799, 289, 603, 2637, 2684, 57, 426,
                          3265, 3272, 939, 3290, 417, 3419, 600, 2686, 101, 98, 2636, 3289,
                          1433, 3045, 3288, 543, 2683, 1707, 326, 942, 216, 604, 62, 3270,
                          2634, 801, 2803, 3277, 2517, 789, 1450, 3212, 3287, 1714, 558, 599,
                          59, 525, 3549, 799, 1443, 636, 219, 3593, 666, 953, 790, 1809, 1805,
                          1807, 657, 1808, 1810, 518, 2690, 2207, 2289, 994, 3350, 60, 1811,
                          3801, 385, 753, 718, 1812, 798, 3783, 3306, 1447, 1813, 3647, 483,
                          3420, 1085, 1715, 3627, 5, 3798, 2077, 3286, 793, 803, 791, 3047,
                          233, 716, 14, 3780, 797, 948, 923, 2917, 870, 596, 1814, 271, 794,
                          2807, 2278, 721, 869, 384, 273, 484, 1431, 3873, 3044, 607, 1406,
                          792, 559, 342
  Coordinates...........: (3.16191e+08,4.03666e+08)
  Semiminor axis........: 9978.15
  Semimajor axis........: 49890.76
  Angle (degrees).......: -60.00
  Shape.................: 5.00
  Time frame............: 2011-10-21_0 to 2011-10-21_2
  Number of cases.......: 6796
  Expected cases........: 2539.44
  Observed / expected...: 2.68
  Test statistic........: 2433.827441

34.Location IDs included.: 2640, 3267, 2639, 2881, 3269, 602, 601, 788, 1811, 101, 1953, 1812,
                          600, 2207, 417, 942, 712, 62, 2686, 1813, 426, 289, 939, 1810, 634,
                          3287, 3265, 3798, 3288, 2690, 60, 3286, 3289, 1265, 1809, 599, 219,
                          1431, 2638, 525, 665, 54, 3780, 1808, 1906, 789, 3797, 603, 1807,
                          3270, 1429, 801, 2037, 221, 2475, 1814, 3417, 3042, 2637, 2523, 803,
                          1905, 1120, 796, 3277, 64, 3779, 3638, 2692, 3796, 1427, 2800, 1448,
                          1433, 790, 2743, 3044, 2960, 596, 2684, 3652, 799, 514, 57, 3131,
                          556, 2636, 1449, 3721, 75, 604, 3128, 276, 2742, 3654, 3284, 1709,
                          1447, 1815, 13, 3127, 1439, 1064, 1065, 2007, 3499, 791, 3290, 2740,
                          66, 52, 2288, 749, 452, 2695, 3133, 3833, 2500, 1710, 3041, 3112,
                          3655, 798, 1704, 495, 3153, 792, 3651, 2634, 1711, 543, 3154, 1585,
                          727, 2499, 2797, 2683, 3741, 748, 1816, 953, 3834, 793, 794, 595,
                          1558, 724, 275, 1399, 3799, 3268, 3593, 277, 98
  Coordinates...........: (3.16189e+08,4.03666e+08)
  Semiminor axis........: 9826.33
  Semimajor axis........: 49131.66
  Angle (degrees).......: -84.00
  Shape.................: 5.00
  Time frame............: 2011-10-28_22 to 2011-10-29_0
  Number of cases.......: 12963
  Expected cases........: 6715.72
  Observed / expected...: 1.93
  Test statistic........: 2278.822313

35.Location IDs included.: 3100, 1113, 1111, 1114, 466, 1112, 1115, 2538, 1110, 1116, 1117, 720,
                          855, 3597, 3090, 2038, 1630, 2039, 1109, 39, 3439, 1108, 1158, 1560,
                          3722, 769, 1107, 1515, 1559, 521, 3760, 1168, 3483, 3352, 2042, 2537,
                          2604, 2603, 3355, 1164, 2092, 1324, 2602, 2605, 2601, 2606, 38, 1166,
                          1780, 2464, 2607, 2446, 3205, 2943, 2939, 1679, 2539, 2947, 2598,
                          2938, 2950, 1393, 3296, 501, 1911, 3758, 1274, 2597, 2937, 3763,
                          2609, 40, 427, 1070, 1173, 2596, 2954, 3730, 637, 1981, 2462, 3347,
                          836, 2055, 2935, 2096, 2082, 500, 2934, 2957, 1333, 2727, 1174, 2611,
                          571, 2235, 1394, 1392, 1321, 3254, 2593, 2081, 2465, 2958, 2612,
                          2725, 503, 454, 1989, 489, 1188, 487, 2726, 2591, 2959, 3338, 3465,
                          2323, 2613, 2933, 453, 2834
  Coordinates...........: (3.16221e+08,4.03556e+08)
  Semiminor axis........: 9986.42
  Semimajor axis........: 49932.12
  Angle (degrees).......: -60.00
  Shape.................: 5.00
  Time frame............: 2011-10-24_7 to 2011-10-24_9
  Number of cases.......: 14457
  Expected cases........: 7793.41
  Observed / expected...: 1.86
  Test statistic........: 2270.544421

36.Location IDs included.: 510, 3596, 3622, 1219, 3590, 3562, 787, 2820, 3595, 2298, 3308, 533,
                          3594, 875, 2995, 3561, 2819, 786, 2498, 502, 1218, 3584, 3585, 3676,
                          2142, 3756, 2299, 3583, 3025, 3022, 3587, 513, 305, 452, 3582, 298,
                          1709, 2740, 3111, 2652, 3112, 3499, 3588, 3592, 2742, 520, 2297,
                          1255, 3311, 2822, 3433, 3020, 2818, 1481, 1411, 1506, 3721, 1139,
                          2301, 873, 2207, 3128, 1222, 353, 3589, 1037, 3031, 3755, 1811, 1710,
                          184, 1810, 727, 186, 1546, 1488, 3127, 2960, 3717, 1804, 3312, 2496,
                          410, 188, 1412, 2649, 3162, 408, 2743, 2037, 1704, 2296, 3229, 3427,
                          634, 3741, 3718, 3232, 3018, 3313, 1812, 406, 2823, 3161, 3178, 1456,
                          2817, 3163, 665, 2919, 2302, 1809, 338, 413, 340, 3227, 3160, 2661,
                          1953, 3742, 3106, 3036, 2410, 3315, 1138, 2084, 1711, 1063, 724, 405,
                          788, 3796, 1265, 2881, 1808, 3226, 2034, 2640, 3743, 1433, 2272,
                          2574, 2573, 2576, 1120, 3754, 337, 101, 3593, 2572, 3108, 953, 1018,
                          2569, 636, 3797, 2577, 1813, 525
  Coordinates...........: (3.16166e+08,4.03633e+08)
  Semiminor axis........: 9980.79
  Semimajor axis........: 49903.96
  Angle (degrees).......: 48.00
  Shape.................: 5.00
  Time frame............: 2011-10-14_0 to 2011-10-14_2
  Number of cases.......: 8863
  Expected cases........: 4024.08
  Observed / expected...: 2.20
  Test statistic........: 2159.807363

37.Location IDs included.: 1211, 614, 1212, 888, 2779, 2773, 3609, 133, 547, 1146, 1214, 1225,
                          1792, 299, 3572, 3515, 926, 423, 1229, 1205, 450, 3530, 1203, 3827,
                          1097, 2655, 3533, 1216, 3231, 1081, 1204, 1332, 1238, 3199, 2772,
                          742, 1145, 1193, 1686, 1944, 2630, 3868, 136, 546, 422, 2633, 2402,
                          3452, 2780, 2552, 548, 2988, 1250, 925, 2993, 3033, 2774, 2654, 1147,
                          930, 2635, 1985, 2627, 2996, 1207, 755, 1075, 424, 1236, 1096, 1098,
                          3198, 2405, 3761, 762, 1190, 689, 2559, 3191, 1232, 2657, 1340, 163,
                          2625, 2986, 3476, 3000, 440, 2747, 3711, 1904, 2624, 3200, 2553,
                          1199, 2927, 272, 1786, 1247, 690, 3190, 3003, 2985, 1179, 771, 2746,
                          1326, 432, 1572, 1249, 2981, 2558, 2688, 441, 1169, 3343, 966, 1256,
                          3192, 439, 2282, 431, 1185, 411, 3249, 1243
  Coordinates...........: (3.16271e+08,4.03466e+08)
  Semiminor axis........: 9886.88
  Semimajor axis........: 49434.38
  Angle (degrees).......: -60.00
  Shape.................: 5.00
  Time frame............: 2011-10-8_0 to 2011-10-8_2
  Number of cases.......: 1244
  Expected cases........: 5171.36
  Observed / expected...: 0.24
  Test statistic........: 2155.300105

38.Location IDs included.: 1166, 1393, 1780, 3296, 1164, 427, 2092, 1173, 1168, 2042, 3347,
                          3352, 3760, 2055, 1515, 1333, 769, 1559, 1174, 1158, 3758, 1679,
                          2609, 3254, 2607, 3439, 2834, 1560, 2959, 1990, 637, 2606, 489, 2081,
                          3467, 2082, 1989, 2958, 2039, 2605, 2963, 1188, 1394, 2611, 2964,
                          3355, 3465, 2038, 2957, 1392, 2970, 2604, 2323, 2096, 1327, 2612,
                          433, 2537, 1116, 1184, 1981, 487, 3249, 3354, 671, 2973, 2784, 1117,
                          2603, 814, 2536, 3677, 3250, 1114, 719, 1973, 3680, 434, 2954, 1185,
                          3468, 3678, 2613, 3434, 2749, 2067, 966, 1991, 2602, 2751, 1115, 457,
                          3187, 3100, 3763, 181, 3193, 1169, 2616, 3192, 292, 37, 1113, 3674,
                          2601, 432, 3679, 466, 1274, 1112, 1111, 490, 1959, 732, 3034, 1179,
                          1988, 2981, 38, 1786, 2538, 3673, 3375, 691
  Coordinates...........: (3.16235e+08,4.03532e+08)
  Semiminor axis........: 9905.09
  Semimajor axis........: 49525.46
  Angle (degrees).......: -48.00
  Shape.................: 5.00
  Time frame............: 2011-10-29_1 to 2011-10-29_3
  Number of cases.......: 2608
  Expected cases........: 7488.57
  Observed / expected...: 0.35
  Test statistic........: 2130.285074

39.Location IDs included.: 1953, 788, 2881, 634, 289, 3269, 1265, 3267, 600, 665, 2640, 599,
                          601, 3270, 2690, 60, 1120, 602, 1813, 3798, 942, 1812, 62, 3780,
                          1433, 2639, 3286, 64, 2692, 1811, 2475, 1814, 514, 596, 417, 2686,
                          3287, 221, 1431, 796, 2207, 426, 101, 3044, 939, 1447, 712, 2288,
                          3284, 2523, 75, 3288, 2007, 66, 1810, 2695, 219, 1815, 1906, 1429,
                          3289, 953, 3265, 3593, 595, 3799, 1448, 3654, 2800, 3638, 789, 2638,
                          3652, 1809, 3797, 556, 3042, 1816, 54, 3655, 525, 2031, 585, 276,
                          3417, 1439, 1808, 801, 803, 1436, 1905, 636, 2037, 1427, 3283, 603,
                          3272, 3779, 749, 277, 1807, 2006, 3154, 67, 557, 236, 2637, 790,
                          3796, 3277, 3639, 750, 666, 76, 2743, 3419, 447, 700, 1449, 799, 594,
                          702, 2960, 3131, 3155, 3153, 540, 1442, 3833, 77, 3834, 2684
  Coordinates...........: (3.16192e+08,4.03665e+08)
  Semiminor axis........: 9935.19
  Semimajor axis........: 49675.96
  Angle (degrees).......: -84.00
  Shape.................: 5.00
  Time frame............: 2011-10-30_2 to 2011-10-30_4
  Number of cases.......: 7643
  Expected cases........: 3276.25
  Observed / expected...: 2.33
  Test statistic........: 2108.054966

40.Location IDs included.: 2038, 2039, 3439, 769, 1116, 1114, 3760, 3100, 1111, 1117, 1113,
                          2042, 1115, 1158, 466, 3355, 2605, 1112, 1110, 2606, 2604, 2538,
                          1515, 2607, 2537, 1560, 855, 1679, 2603, 720, 1559, 1168, 3758, 2602,
                          3090, 3597, 3352, 1164, 2601, 2609, 1630, 1109, 2092, 38, 637, 1166,
                          39, 1108, 1780, 2446, 2082, 3296, 3722, 1393, 1107, 2611, 2598, 1173,
                          521, 427, 1392, 2597, 3483, 2055, 3347, 2596, 2612, 1324, 1174, 1333,
                          2462, 487, 2464, 2081, 3254, 500, 2613, 2950, 2947, 2943, 1274, 501,
                          3205, 3763, 1188, 2939, 2954, 1989, 571, 2616, 2539, 1981, 2938,
                          1070, 2096, 3354, 2784, 671, 2536, 2323, 1911, 814, 3680, 1973, 2957,
                          2593, 3465, 2067, 1988, 2937, 3434, 457, 1394, 836, 3187, 37, 40,
                          1184, 292, 2725, 2958, 732, 3464, 1327, 3730, 1959, 2727, 1609, 489,
                          1185, 3375, 2591, 2935
  Coordinates...........: (3.16222e+08,4.0355e+08)
  Semiminor axis........: 9847.06
  Semimajor axis........: 49235.31
  Angle (degrees).......: -60.00
  Shape.................: 5.00
  Time frame............: 2011-10-27_7 to 2011-10-27_9
  Number of cases.......: 15766
  Expected cases........: 8966.23
  Observed / expected...: 1.76
  Test statistic........: 2099.607170

Processor :