                                 _____________________________

                                        SaTScan v9.4.2
                                 _____________________________


Program run on: Sun Aug 28 16:08:57 2016

Retrospective Space-Time analysis
scanning for clusters with high or low rates
using the Space-Time Permutation model.
_______________________________________________________________________________________________

SUMMARY OF DATA

Study period.......................: 0 to 743
Number of locations................: 3874
Total number of cases..............: 19364460
_______________________________________________________________________________________________
1.Location IDs included.: 601, 602, 600, 426, 3269, 289, 417, 939, 3267, 2686, 942, 2638, 54,
                          62, 3289, 712, 3288, 1265, 2637, 3270, 788, 599, 2639, 3287, 2881,
                          1433, 1953, 801, 2636, 789, 2690, 60, 634, 57, 2684, 219, 3290, 2640,
                          603, 98, 2634, 3286, 1447, 953, 665, 799, 3593, 790, 596, 3265, 636,
                          1120, 1431, 803, 2692, 666, 64, 3549, 2683, 543, 326, 216, 514, 798,
                          101, 1450, 604, 1805, 791, 2475, 2517, 76, 1436, 793, 3212, 1429,
                          2288, 518, 1449, 1714, 3277, 595, 753, 797, 994, 794, 59, 792, 221,
                          657, 3799, 13, 2289, 233, 2695, 66, 3647, 3649, 2007, 525, 1558,
                          1427, 3801, 3651, 385, 3272, 3284, 718, 2523, 3306, 3085, 1807, 273,
                          2114, 1808, 274, 5, 3627, 1809, 2077, 3783, 3273, 3419, 1715, 14,
                          923, 1810, 275, 594, 75, 1585, 721, 2031, 3420, 2207, 384, 745, 716,
                          3045, 2116, 1448, 605, 1811, 870, 236, 67, 2006, 3047, 324, 869, 271,
                          1812, 2278, 1707, 212, 722, 746, 607, 2519, 1406, 672, 3283, 3652,
                          1397, 342, 1382, 748, 948, 1813, 3784, 3276, 0, 3305, 1451, 3598,
                          306, 2117, 667, 2803, 585, 3798, 2764, 77, 3257, 1729, 2478, 960,
                          592, 2807, 809, 2, 519, 1668, 1399, 3654, 3266, 3780, 828, 1548, 276,
                          558, 1771, 608, 714, 3268, 2291, 68, 723, 559, 1377, 1, 697, 1814,
                          744, 597, 3332, 1731, 3803, 2862, 1770, 1711, 1960, 3601, 3282, 3328,
                          1049, 1624, 3655, 1443, 3044, 964, 724, 3304, 1704, 3325, 1023, 343,
                          3274, 3327, 3510, 540, 3741, 3422, 610, 2766, 1769, 1710, 3326, 1815,
                          749, 590, 3350, 698, 727, 3049, 3335, 699, 3629, 796, 1816, 150,
                          1542, 1641, 1482, 277, 3499, 3591, 949, 483, 1085, 2083, 155, 151,
                          156, 3112, 154, 3631, 557, 2037, 3848, 2808, 3336, 764, 1727, 3607,
                          1709, 3157, 153, 2040, 2917, 3742, 3797, 3275, 3656, 452, 560, 1628,
                          3685, 1442, 2767, 3869, 921, 686, 922, 484, 919, 2742, 589, 1034,
                          750, 3873, 940, 2740, 3721, 2087, 1906, 1022, 157, 1682, 2960, 2090,
                          3337, 3509, 3156, 2743, 3128, 447, 2704, 4, 1847, 3302, 700, 1058,
                          3796, 2521, 1129, 955, 1541, 175, 1452, 3040, 3573, 702, 279, 3571,
                          684, 3779, 3743, 3568, 3281, 810, 158, 3565, 3570, 2024, 1905, 640,
                          485, 1054, 3127, 3417, 917, 668, 2017, 3563, 2575, 586, 109, 159,
                          3155, 2023, 511, 2770, 3042, 3491, 2292, 3131, 161, 2129, 653, 3638,
                          3805, 2016, 1038, 2022, 2015, 359, 751, 1670, 976, 1580, 2785, 2014,
                          2021, 1474, 2800, 3657, 2771, 407, 3445, 3423, 2914, 1817, 2013,
                          1064, 1965, 1065, 2020, 3052, 2065, 2494, 2012, 2493, 556
  Coordinates...........: (3.16188e+08,4.03676e+08)
  Semiminor axis........: 23962.09
  Semimajor axis........: 71886.28
  Angle (degrees).......: -60.00
  Shape.................: 3.00
  Time frame............: 2011-10-15_1 to 2011-10-15_3
  Number of cases.......: 24015
  Expected cases........: 9238.86
  Observed / expected...: 2.60
  Test statistic........: 8170.020640

2.Location IDs included.: 601, 602, 600, 426, 3269, 289, 417, 939, 3267, 2686, 942, 2638, 54,
                          62, 3289, 712, 3288, 1265, 2637, 3270, 788, 599, 2639, 3287, 2881,
                          1433, 1953, 801, 2636, 789, 2690, 60, 634, 57, 2684, 219, 3290, 2640,
                          603, 98, 2634, 3286, 1447, 953, 665, 799, 3593, 790, 596, 3265, 636,
                          1120, 1431, 803, 2692, 666, 64, 3549, 2683, 543, 326, 216, 514, 798,
                          101, 1450, 604, 1805, 791, 2475, 2517, 76, 1436, 793, 3212, 1429,
                          2288, 518, 1449, 1714, 3277, 595, 753, 797, 994, 794, 59, 792, 221,
                          657, 3799, 13, 2289, 233, 2695, 66, 3647, 3649, 2007, 525, 1558,
                          1427, 3801, 3651, 385, 3272, 3284, 718, 2523, 3306, 3085, 1807, 273,
                          2114, 1808, 274, 5, 3627, 1809, 2077, 3783, 3273, 3419, 1715, 14,
                          923, 1810, 275, 594, 75, 1585, 721, 2031, 3420, 2207, 384, 745, 716,
                          3045, 2116, 1448, 605, 1811, 870, 236, 67, 2006, 3047, 324, 869, 271,
                          1812, 2278, 1707, 212, 722, 746, 607, 2519, 1406, 672, 3283, 3652,
                          1397, 342, 1382, 748, 948, 1813, 3784, 3276, 0, 3305, 1451, 3598,
                          306, 2117, 667, 2803, 585, 3798, 2764, 77, 3257, 1729, 2478, 960,
                          592, 2807, 809, 2, 519, 1668, 1399, 3654, 3266, 3780, 828, 1548, 276,
                          558, 1771, 608, 714, 3268, 2291, 68, 723, 559, 1377, 1, 697, 1814,
                          744, 597, 3332, 1731, 3803, 2862, 1770, 1711, 1960, 3601, 3282, 3328,
                          1049, 1624, 3655, 1443, 3044, 964, 724, 3304, 1704, 3325, 1023, 343,
                          3274, 3327, 3510, 540, 3741, 3422, 610, 2766, 1769, 1710, 3326, 1815,
                          749, 590, 3350, 698, 727, 3049, 3335, 699, 3629, 796, 1816, 150,
                          1542, 1641, 1482, 277, 3499, 3591, 949, 483, 1085, 2083, 155, 151,
                          156, 3112, 154, 3631, 557, 2037, 3848, 2808, 3336, 764, 1727, 3607,
                          1709, 3157, 153, 2040, 2917, 3742, 3797, 3275, 3656, 452, 560, 1628,
                          3685, 1442, 2767, 3869, 921, 686, 922, 484, 919, 2742, 589, 1034,
                          750, 3873, 940, 2740, 3721, 2087, 1906, 1022, 157, 1682, 2960, 2090,
                          3337, 3509, 3156, 2743, 3128, 447, 2704, 4, 1847, 3302, 700, 1058,
                          3796, 2521, 1129, 955, 1541, 175, 1452, 3040, 3573, 702, 279, 3571,
                          684, 3779, 3743, 3568, 3281, 810, 158, 3565, 3570, 2024, 1905, 640,
                          485, 1054, 3127, 3417, 917, 668, 2017, 3563, 2575, 586, 109, 159,
                          3155, 2023, 511, 2770, 3042, 3491, 2292, 3131, 161, 2129, 653, 3638,
                          3805, 2016, 1038, 2022, 2015, 359, 751, 1670, 976, 1580, 2785, 2014,
                          2021, 1474, 2800, 3657, 2771, 407, 3445, 3423, 2914, 1817, 2013,
                          1064, 1965, 1065, 2020, 3052, 2065, 2494, 2012, 2493, 556
  Coordinates...........: (3.16188e+08,4.03676e+08)
  Semiminor axis........: 23962.09
  Semimajor axis........: 71886.28
  Angle (degrees).......: -60.00
  Shape.................: 3.00
  Time frame............: 2011-10-8_1 to 2011-10-8_3
  Number of cases.......: 22866
  Expected cases........: 8573.47
  Observed / expected...: 2.67
  Test statistic........: 8143.766203

3.Location IDs included.: 289, 3269, 3267, 3270, 600, 601, 1265, 602, 1433, 788, 599, 2881,
                          1953, 2639, 712, 1447, 417, 953, 426, 942, 3593, 2686, 939, 62, 634,
                          2640, 596, 2690, 2638, 636, 54, 60, 665, 3288, 3289, 3287, 666, 76,
                          603, 1436, 3265, 2637, 2692, 3286, 2684, 64, 1120, 57, 595, 1805,
                          101, 801, 789, 3290, 219, 2636, 514, 604, 2475, 518, 3277, 3085, 543,
                          2695, 1431, 2683, 3273, 66, 2007, 98, 2288, 525, 326, 2289, 594, 221,
                          799, 3284, 790, 1807, 2634, 1808, 1809, 803, 216, 3799, 3801, 2031,
                          1810, 236, 1382, 1429, 67, 2006, 306, 3784, 2207, 3627, 14, 5, 75,
                          3272, 3783, 2077, 667, 384, 3306, 923, 592, 2517, 721, 1811, 3283,
                          2523, 605, 324, 798, 3549, 791, 960, 77, 385, 672, 1449, 722, 3212,
                          1812, 1450, 3276, 3419, 3420, 519, 714, 793, 1427, 1049, 1714, 585,
                          1377, 13, 1813, 792, 59, 794, 3274, 718, 1399, 797, 2291, 3045, 3047,
                          723, 3282, 2764, 3305, 753, 1448, 590, 1668, 3798, 994, 212, 3803,
                          3651, 1711, 1558, 3649, 724, 657, 1704, 1624, 233, 1715, 3652, 1707,
                          948, 1542, 3780, 540, 964, 3741, 2519, 1710, 3647, 764, 3654, 1585,
                          275, 727, 3275, 274, 1814, 3422, 3304, 2114, 1482, 2766, 3655, 2807,
                          2803, 3332, 273, 3335, 3499, 589, 276, 1451, 716, 3112, 870, 3049,
                          3044, 597, 3336, 746, 3742, 748, 2116, 2704, 1709, 559, 869, 558,
                          745, 2037, 452, 175, 2024, 949, 277, 1815, 640, 796, 3656, 809, 3328,
                          3797, 1406, 668, 3337, 2023, 2040, 3281, 2742, 749, 156, 2740, 342,
                          2767, 2278, 0, 3721, 586, 2117, 3266, 3268, 157, 1397, 1023, 1443,
                          1548, 2808, 2960, 271, 3128, 511, 155, 1816, 2022, 3510, 2743, 3743,
                          1729, 2, 158, 2292, 3327, 607, 3796, 1906, 2021, 3302, 750, 279, 159,
                          154, 560, 3805, 557, 828, 2478, 3350, 3127, 2020, 3779, 68, 3325,
                          1058, 3326, 161, 3598, 1, 1731, 2862, 976, 3257, 698, 699, 2017,
                          1905, 697, 2019, 2770, 3657, 3417, 2521, 407, 1022, 3423, 1670, 153,
                          1442
  Coordinates...........: (3.16192e+08,4.03672e+08)
  Semiminor axis........: 24451.35
  Semimajor axis........: 48902.70
  Angle (degrees).......: -60.00
  Shape.................: 2.00
  Time frame............: 2011-10-9_1 to 2011-10-9_3
  Number of cases.......: 22180
  Expected cases........: 8340.56
  Observed / expected...: 2.66
  Test statistic........: 7858.860226

4.Location IDs included.: 601, 602, 600, 426, 3269, 289, 417, 939, 3267, 2686, 942, 2638, 54,
                          62, 3289, 712, 3288, 1265, 2637, 3270, 788, 599, 2639, 3287, 2881,
                          1433, 1953, 801, 2636, 789, 2690, 60, 634, 57, 2684, 219, 3290, 2640,
                          603, 98, 2634, 3286, 1447, 953, 665, 799, 3593, 790, 596, 3265, 636,
                          1120, 1431, 803, 2692, 666, 64, 3549, 2683, 543, 326, 216, 514, 798,
                          101, 1450, 604, 1805, 791, 2475, 2517, 76, 1436, 793, 3212, 1429,
                          2288, 518, 1449, 1714, 3277, 595, 753, 797, 994, 794, 59, 792, 221,
                          657, 3799, 13, 2289, 233, 2695, 66, 3647, 3649, 2007, 525, 1558,
                          1427, 3801, 3651, 385, 3272, 3284, 718, 2523, 3306, 3085, 1807, 273,
                          2114, 1808, 274, 5, 3627, 1809, 2077, 3783, 3273, 3419, 1715, 14,
                          923, 1810, 275, 594, 75, 1585, 721, 2031, 3420, 2207, 384, 745, 716,
                          3045, 2116, 1448, 605, 1811, 870, 236, 67, 2006, 3047, 324, 869, 271,
                          1812, 2278, 1707, 212, 722, 746, 607, 2519, 1406, 672, 3283, 3652,
                          1397, 342, 1382, 748, 948, 1813, 3784, 3276, 0, 3305, 1451, 3598,
                          306, 2117, 667, 2803, 585, 3798, 2764, 77, 3257, 1729, 2478, 960,
                          592, 2807, 809, 2, 519, 1668, 1399, 3654, 3266, 3780, 828, 1548, 276,
                          558, 1771, 608, 714, 3268, 2291, 68, 723, 559, 1377, 1, 697, 1814,
                          744, 597, 3332, 1731, 3803, 2862, 1770, 1711, 1960, 3601, 3282, 3328,
                          1049, 1624, 3655, 1443, 3044, 964, 724, 3304, 1704, 3325, 1023, 343,
                          3274, 3327, 3510, 540, 3741, 3422, 610, 2766, 1769, 1710, 3326, 1815,
                          749, 590, 3350, 698, 727, 3049, 3335, 699, 3629, 796, 1816, 150,
                          1542, 1641, 1482, 277, 3499, 3591, 949, 483, 1085, 2083, 155, 151,
                          156, 3112, 154, 3631, 557, 2037, 3848, 2808, 3336, 764, 1727, 3607,
                          1709, 3157, 153, 2040, 2917, 3742, 3797, 3275, 3656, 452, 560, 1628,
                          3685, 1442, 2767, 3869, 921, 686, 922, 484, 919, 2742, 589, 1034,
                          750, 3873, 940, 2740, 3721, 2087, 1906, 1022, 157, 1682, 2960, 2090,
                          3337, 3509, 3156, 2743, 3128, 447, 2704, 4, 1847, 3302, 700, 1058,
                          3796, 2521, 1129, 955, 1541, 175, 1452, 3040, 3573, 702, 279, 3571,
                          684, 3779, 3743, 3568, 3281, 810, 158, 3565, 3570, 2024, 1905, 640,
                          485, 1054, 3127, 3417, 917, 668, 2017, 3563, 2575, 586, 109, 159,
                          3155, 2023, 511, 2770, 3042, 3491, 2292, 3131, 161, 2129, 653, 3638,
                          3805, 2016, 1038, 2022, 2015, 359, 751, 1670, 976, 1580, 2785, 2014,
                          2021, 1474, 2800, 3657, 2771, 407, 3445, 3423, 2914, 1817, 2013,
                          1064, 1965, 1065, 2020, 3052, 2065, 2494, 2012, 2493, 556
  Coordinates...........: (3.16188e+08,4.03676e+08)
  Semiminor axis........: 23962.09
  Semimajor axis........: 71886.28
  Angle (degrees).......: -60.00
  Shape.................: 3.00
  Time frame............: 2011-10-2_1 to 2011-10-2_3
  Number of cases.......: 23784
  Expected cases........: 9560.79
  Observed / expected...: 2.49
  Test statistic........: 7457.361376

5.Location IDs included.: 601, 602, 600, 426, 3269, 289, 417, 939, 3267, 2686, 942, 2638, 54,
                          62, 3289, 712, 3288, 1265, 2637, 3270, 788, 599, 2639, 3287, 2881,
                          1433, 1953, 801, 2636, 789, 2690, 60, 634, 57, 2684, 219, 3290, 2640,
                          603, 98, 2634, 3286, 1447, 953, 665, 799, 3593, 790, 596, 3265, 636,
                          1120, 1431, 803, 2692, 666, 64, 3549, 2683, 543, 326, 216, 514, 798,
                          101, 1450, 604, 1805, 791, 2475, 2517, 76, 1436, 793, 3212, 1429,
                          2288, 518, 1449, 1714, 3277, 595, 753, 797, 994, 794, 59, 792, 221,
                          657, 3799, 13, 2289, 233, 2695, 66, 3647, 3649, 2007, 525, 1558,
                          1427, 3801, 3651, 385, 3272, 3284, 718, 2523, 3306, 3085, 1807, 273,
                          2114, 1808, 274, 5, 3627, 1809, 2077, 3783, 3273, 3419, 1715, 14,
                          923, 1810, 275, 594, 75, 1585, 721, 2031, 3420, 2207, 384, 745, 716,
                          3045, 2116, 1448, 605, 1811, 870, 236, 67, 2006, 3047, 324, 869, 271,
                          1812, 2278, 1707, 212, 722, 746, 607, 2519, 1406, 672, 3283, 3652,
                          1397, 342, 1382, 748, 948, 1813, 3784, 3276, 0, 3305, 1451, 3598,
                          306, 2117, 667, 2803, 585, 3798, 2764, 77, 3257, 1729, 2478, 960,
                          592, 2807, 809, 2, 519, 1668, 1399, 3654, 3266, 3780, 828, 1548, 276,
                          558, 1771, 608, 714, 3268, 2291, 68, 723, 559, 1377, 1, 697, 1814,
                          744, 597, 3332, 1731, 3803, 2862, 1770, 1711, 1960, 3601, 3282, 3328,
                          1049, 1624, 3655, 1443, 3044, 964, 724, 3304, 1704, 3325, 1023, 343,
                          3274, 3327, 3510, 540, 3741, 3422, 610, 2766, 1769, 1710, 3326, 1815,
                          749, 590, 3350, 698, 727, 3049, 3335, 699, 3629, 796, 1816, 150,
                          1542, 1641, 1482, 277, 3499, 3591, 949, 483, 1085, 2083, 155, 151,
                          156, 3112, 154, 3631, 557, 2037, 3848, 2808, 3336, 764, 1727, 3607,
                          1709, 3157, 153, 2040, 2917, 3742, 3797, 3275, 3656, 452, 560, 1628,
                          3685, 1442, 2767, 3869, 921, 686, 922, 484, 919, 2742, 589, 1034,
                          750, 3873, 940, 2740, 3721, 2087, 1906, 1022, 157, 1682, 2960, 2090,
                          3337, 3509, 3156, 2743, 3128, 447, 2704, 4, 1847, 3302, 700, 1058,
                          3796, 2521, 1129, 955, 1541, 175, 1452, 3040, 3573, 702, 279, 3571,
                          684, 3779, 3743, 3568, 3281, 810, 158, 3565, 3570, 2024, 1905, 640,
                          485, 1054, 3127, 3417, 917, 668, 2017, 3563, 2575, 586, 109, 159,
                          3155, 2023, 511, 2770, 3042, 3491, 2292, 3131, 161, 2129, 653, 3638,
                          3805, 2016, 1038, 2022, 2015, 359, 751, 1670, 976, 1580, 2785, 2014,
                          2021, 1474, 2800, 3657, 2771, 407, 3445, 3423, 2914, 1817, 2013,
                          1064, 1965, 1065, 2020, 3052, 2065, 2494, 2012, 2493, 556
  Coordinates...........: (3.16188e+08,4.03676e+08)
  Semiminor axis........: 23962.09
  Semimajor axis........: 71886.28
  Angle (degrees).......: -60.00
  Shape.................: 3.00
  Time frame............: 2011-10-22_1 to 2011-10-22_3
  Number of cases.......: 22302
  Expected cases........: 8758.68
  Observed / expected...: 2.55
  Test statistic........: 7305.531071

6.Location IDs included.: 601, 602, 600, 426, 3269, 289, 417, 939, 3267, 2686, 942, 2638, 54,
                          62, 3289, 712, 3288, 1265, 2637, 3270, 788, 599, 2639, 3287, 2881,
                          1433, 1953, 801, 2636, 789, 2690, 60, 634, 57, 2684, 219, 3290, 2640,
                          603, 98, 2634, 3286, 1447, 953, 665, 799, 3593, 790, 596, 3265, 636,
                          1120, 1431, 803, 2692, 666, 64, 3549, 2683, 543, 326, 216, 514, 798,
                          101, 1450, 604, 1805, 791, 2475, 2517, 76, 1436, 793, 3212, 1429,
                          2288, 518, 1449, 1714, 3277, 595, 753, 797, 994, 794, 59, 792, 221,
                          657, 3799, 13, 2289, 233, 2695, 66, 3647, 3649, 2007, 525, 1558,
                          1427, 3801, 3651, 385, 3272, 3284, 718, 2523, 3306, 3085, 1807, 273,
                          2114, 1808, 274, 5, 3627, 1809, 2077, 3783, 3273, 3419, 1715, 14,
                          923, 1810, 275, 594, 75, 1585, 721, 2031, 3420, 2207, 384, 745, 716,
                          3045, 2116, 1448, 605, 1811, 870, 236, 67, 2006, 3047, 324, 869, 271,
                          1812, 2278, 1707, 212, 722, 746, 607, 2519, 1406, 672, 3283, 3652,
                          1397, 342, 1382, 748, 948, 1813, 3784, 3276, 0, 3305, 1451, 3598,
                          306, 2117, 667, 2803, 585, 3798, 2764, 77, 3257, 1729, 2478, 960,
                          592, 2807, 809, 2, 519, 1668, 1399, 3654, 3266, 3780, 828, 1548, 276,
                          558, 1771, 608, 714, 3268, 2291, 68, 723, 559, 1377, 1, 697, 1814,
                          744, 597, 3332, 1731, 3803, 2862, 1770, 1711, 1960, 3601, 3282, 3328,
                          1049, 1624, 3655, 1443, 3044, 964, 724, 3304, 1704, 3325, 1023, 343,
                          3274, 3327, 3510, 540, 3741, 3422, 610, 2766, 1769, 1710, 3326, 1815,
                          749, 590, 3350, 698, 727, 3049, 3335, 699, 3629, 796, 1816, 150,
                          1542, 1641, 1482, 277, 3499, 3591, 949, 483, 1085, 2083, 155, 151,
                          156, 3112, 154, 3631, 557, 2037, 3848, 2808, 3336, 764, 1727, 3607,
                          1709, 3157, 153, 2040, 2917, 3742, 3797, 3275, 3656, 452, 560, 1628,
                          3685, 1442, 2767, 3869, 921, 686, 922, 484, 919, 2742, 589, 1034,
                          750, 3873, 940, 2740, 3721, 2087, 1906, 1022, 157, 1682, 2960, 2090,
                          3337, 3509, 3156, 2743, 3128, 447, 2704, 4, 1847, 3302, 700, 1058,
                          3796, 2521, 1129, 955, 1541, 175, 1452, 3040, 3573, 702, 279, 3571,
                          684, 3779, 3743, 3568, 3281, 810, 158, 3565, 3570, 2024, 1905, 640,
                          485, 1054, 3127, 3417, 917, 668, 2017, 3563, 2575, 586, 109, 159,
                          3155, 2023, 511, 2770, 3042, 3491, 2292, 3131, 161, 2129, 653, 3638,
                          3805, 2016, 1038, 2022, 2015, 359, 751, 1670, 976, 1580, 2785, 2014,
                          2021, 1474, 2800, 3657, 2771, 407, 3445, 3423, 2914, 1817, 2013,
                          1064, 1965, 1065, 2020, 3052, 2065, 2494, 2012, 2493, 556
  Coordinates...........: (3.16188e+08,4.03676e+08)
  Semiminor axis........: 23962.09
  Semimajor axis........: 71886.28
  Angle (degrees).......: -60.00
  Shape.................: 3.00
  Time frame............: 2011-10-23_1 to 2011-10-23_3
  Number of cases.......: 23320
  Expected cases........: 9583.54
  Observed / expected...: 2.43
  Test statistic........: 7006.032696

7.Location IDs included.: 601, 602, 600, 426, 3269, 289, 417, 939, 3267, 2686, 942, 2638, 54,
                          62, 3289, 712, 3288, 1265, 2637, 3270, 788, 599, 2639, 3287, 2881,
                          1433, 1953, 801, 2636, 789, 2690, 60, 634, 57, 2684, 219, 3290, 2640,
                          603, 98, 2634, 3286, 1447, 953, 665, 799, 3593, 790, 596, 3265, 636,
                          1120, 1431, 803, 2692, 666, 64, 3549, 2683, 543, 326, 216, 514, 798,
                          101, 1450, 604, 1805, 791, 2475, 2517, 76, 1436, 793, 3212, 1429,
                          2288, 518, 1449, 1714, 3277, 595, 753, 797, 994, 794, 59, 792, 221,
                          657, 3799, 13, 2289, 233, 2695, 66, 3647, 3649, 2007, 525, 1558,
                          1427, 3801, 3651, 385, 3272, 3284, 718, 2523, 3306, 3085, 1807, 273,
                          2114, 1808, 274, 5, 3627, 1809, 2077, 3783, 3273, 3419, 1715, 14,
                          923, 1810, 275, 594, 75, 1585, 721, 2031, 3420, 2207, 384, 745, 716,
                          3045, 2116, 1448, 605, 1811, 870, 236, 67, 2006, 3047, 324, 869, 271,
                          1812, 2278, 1707, 212, 722, 746, 607, 2519, 1406, 672, 3283, 3652,
                          1397, 342, 1382, 748, 948, 1813, 3784, 3276, 0, 3305, 1451, 3598,
                          306, 2117, 667, 2803, 585, 3798, 2764, 77, 3257, 1729, 2478, 960,
                          592, 2807, 809, 2, 519, 1668, 1399, 3654, 3266, 3780, 828, 1548, 276,
                          558, 1771, 608, 714, 3268, 2291, 68, 723, 559, 1377, 1, 697, 1814,
                          744, 597, 3332, 1731, 3803, 2862, 1770, 1711, 1960, 3601, 3282, 3328,
                          1049, 1624, 3655, 1443, 3044, 964, 724, 3304, 1704, 3325, 1023, 343,
                          3274, 3327, 3510, 540, 3741, 3422, 610, 2766, 1769, 1710, 3326, 1815,
                          749, 590, 3350, 698, 727, 3049, 3335, 699, 3629, 796, 1816, 150,
                          1542, 1641, 1482, 277, 3499, 3591, 949, 483, 1085, 2083, 155, 151,
                          156, 3112, 154, 3631, 557, 2037, 3848, 2808, 3336, 764, 1727, 3607,
                          1709, 3157, 153, 2040, 2917, 3742, 3797, 3275, 3656, 452, 560, 1628,
                          3685, 1442, 2767, 3869, 921, 686, 922, 484, 919, 2742, 589, 1034,
                          750, 3873, 940, 2740, 3721, 2087, 1906, 1022, 157, 1682, 2960, 2090,
                          3337, 3509, 3156, 2743, 3128, 447, 2704, 4, 1847, 3302, 700, 1058,
                          3796, 2521, 1129, 955, 1541, 175, 1452, 3040, 3573, 702, 279, 3571,
                          684, 3779, 3743, 3568, 3281, 810, 158, 3565, 3570, 2024, 1905, 640,
                          485, 1054, 3127, 3417, 917, 668, 2017, 3563, 2575, 586, 109, 159,
                          3155, 2023, 511, 2770, 3042, 3491, 2292, 3131, 161, 2129, 653, 3638,
                          3805, 2016, 1038, 2022, 2015, 359, 751, 1670, 976, 1580, 2785, 2014,
                          2021, 1474, 2800, 3657, 2771, 407, 3445, 3423, 2914, 1817, 2013,
                          1064, 1965, 1065, 2020, 3052, 2065, 2494, 2012, 2493, 556
  Coordinates...........: (3.16188e+08,4.03676e+08)
  Semiminor axis........: 23962.09
  Semimajor axis........: 71886.28
  Angle (degrees).......: -60.00
  Shape.................: 3.00
  Time frame............: 2011-10-29_1 to 2011-10-29_3
  Number of cases.......: 23042
  Expected cases........: 9518.41
  Observed / expected...: 2.42
  Test statistic........: 6852.333070

8.Location IDs included.: 601, 602, 600, 426, 3269, 289, 417, 939, 3267, 2686, 942, 2638, 54,
                          62, 3289, 712, 3288, 1265, 2637, 3270, 788, 599, 2639, 3287, 2881,
                          1433, 1953, 801, 2636, 789, 2690, 60, 634, 57, 2684, 219, 3290, 2640,
                          603, 98, 2634, 3286, 1447, 953, 665, 799, 3593, 790, 596, 3265, 636,
                          1120, 1431, 803, 2692, 666, 64, 3549, 2683, 543, 326, 216, 514, 798,
                          101, 1450, 604, 1805, 791, 2475, 2517, 76, 1436, 793, 3212, 1429,
                          2288, 518, 1449, 1714, 3277, 595, 753, 797, 994, 794, 59, 792, 221,
                          657, 3799, 13, 2289, 233, 2695, 66, 3647, 3649, 2007, 525, 1558,
                          1427, 3801, 3651, 385, 3272, 3284, 718, 2523, 3306, 3085, 1807, 273,
                          2114, 1808, 274, 5, 3627, 1809, 2077, 3783, 3273, 3419, 1715, 14,
                          923, 1810, 275, 594, 75, 1585, 721, 2031, 3420, 2207, 384, 745, 716,
                          3045, 2116, 1448, 605, 1811, 870, 236, 67, 2006, 3047, 324, 869, 271,
                          1812, 2278, 1707, 212, 722, 746, 607, 2519, 1406, 672, 3283, 3652,
                          1397, 342, 1382, 748, 948, 1813, 3784, 3276, 0, 3305, 1451, 3598,
                          306, 2117, 667, 2803, 585, 3798, 2764, 77, 3257, 1729, 2478, 960,
                          592, 2807, 809, 2, 519, 1668, 1399, 3654, 3266, 3780, 828, 1548, 276,
                          558, 1771, 608, 714, 3268, 2291, 68, 723, 559, 1377, 1, 697, 1814,
                          744, 597, 3332, 1731, 3803, 2862, 1770, 1711, 1960, 3601, 3282, 3328,
                          1049, 1624, 3655, 1443, 3044, 964, 724, 3304, 1704, 3325, 1023, 343,
                          3274, 3327, 3510, 540, 3741, 3422, 610, 2766, 1769, 1710, 3326, 1815,
                          749, 590, 3350, 698, 727, 3049, 3335, 699, 3629, 796, 1816, 150,
                          1542, 1641, 1482, 277, 3499, 3591, 949, 483, 1085, 2083, 155, 151,
                          156, 3112, 154, 3631, 557, 2037, 3848, 2808, 3336, 764, 1727, 3607,
                          1709, 3157, 153, 2040, 2917, 3742, 3797, 3275, 3656, 452, 560, 1628,
                          3685, 1442, 2767, 3869, 921, 686, 922, 484, 919, 2742, 589, 1034,
                          750, 3873, 940, 2740, 3721, 2087, 1906, 1022, 157, 1682, 2960, 2090,
                          3337, 3509, 3156, 2743, 3128, 447, 2704, 4, 1847, 3302, 700, 1058,
                          3796, 2521, 1129, 955, 1541, 175, 1452, 3040, 3573, 702, 279, 3571,
                          684, 3779, 3743, 3568, 3281, 810, 158, 3565, 3570, 2024, 1905, 640,
                          485, 1054, 3127, 3417, 917, 668, 2017, 3563, 2575, 586, 109, 159,
                          3155, 2023, 511, 2770, 3042, 3491, 2292, 3131, 161, 2129, 653, 3638,
                          3805, 2016, 1038, 2022, 2015, 359, 751, 1670, 976, 1580, 2785, 2014,
                          2021, 1474, 2800, 3657, 2771, 407, 3445, 3423, 2914, 1817, 2013,
                          1064, 1965, 1065, 2020, 3052, 2065, 2494, 2012, 2493, 556
  Coordinates...........: (3.16188e+08,4.03676e+08)
  Semiminor axis........: 23962.09
  Semimajor axis........: 71886.28
  Angle (degrees).......: -60.00
  Shape.................: 3.00
  Time frame............: 2011-10-16_1 to 2011-10-16_3
  Number of cases.......: 23066
  Expected cases........: 9564.38
  Observed / expected...: 2.41
  Test statistic........: 6808.391633

9.Location IDs included.: 601, 602, 600, 426, 3269, 289, 417, 939, 3267, 2686, 942, 2638, 54,
                          62, 3289, 712, 3288, 1265, 2637, 3270, 788, 599, 2639, 3287, 2881,
                          1433, 1953, 801, 2636, 789, 2690, 60, 634, 57, 2684, 219, 3290, 2640,
                          603, 98, 2634, 3286, 1447, 953, 665, 799, 3593, 790, 596, 3265, 636,
                          1120, 1431, 803, 2692, 666, 64, 3549, 2683, 543, 326, 216, 514, 798,
                          101, 1450, 604, 1805, 791, 2475, 2517, 76, 1436, 793, 3212, 1429,
                          2288, 518, 1449, 1714, 3277, 595, 753, 797, 994, 794, 59, 792, 221,
                          657, 3799, 13, 2289, 233, 2695, 66, 3647, 3649, 2007, 525, 1558,
                          1427, 3801, 3651, 385, 3272, 3284, 718, 2523, 3306, 3085, 1807, 273,
                          2114, 1808, 274, 5, 3627, 1809, 2077, 3783, 3273, 3419, 1715, 14,
                          923, 1810, 275, 594, 75, 1585, 721, 2031, 3420, 2207, 384, 745, 716,
                          3045, 2116, 1448, 605, 1811, 870, 236, 67, 2006, 3047, 324, 869, 271,
                          1812, 2278, 1707, 212, 722, 746, 607, 2519, 1406, 672, 3283, 3652,
                          1397, 342, 1382, 748, 948, 1813, 3784, 3276, 0, 3305, 1451, 3598,
                          306, 2117, 667, 2803, 585, 3798, 2764, 77, 3257, 1729, 2478, 960,
                          592, 2807, 809, 2, 519, 1668, 1399, 3654, 3266, 3780, 828, 1548, 276,
                          558, 1771, 608, 714, 3268, 2291, 68, 723, 559, 1377, 1, 697, 1814,
                          744, 597, 3332, 1731, 3803, 2862, 1770, 1711, 1960, 3601, 3282, 3328,
                          1049, 1624, 3655, 1443, 3044, 964, 724, 3304, 1704, 3325, 1023, 343,
                          3274, 3327, 3510, 540, 3741, 3422, 610, 2766, 1769, 1710, 3326, 1815,
                          749, 590, 3350, 698, 727, 3049, 3335, 699, 3629, 796, 1816, 150,
                          1542, 1641, 1482, 277, 3499, 3591, 949, 483, 1085, 2083, 155, 151,
                          156, 3112, 154, 3631, 557, 2037, 3848, 2808, 3336, 764, 1727, 3607,
                          1709, 3157, 153, 2040, 2917, 3742, 3797, 3275, 3656, 452, 560, 1628,
                          3685, 1442, 2767, 3869, 921, 686, 922, 484, 919, 2742, 589, 1034,
                          750, 3873, 940, 2740, 3721, 2087, 1906, 1022, 157, 1682, 2960, 2090,
                          3337, 3509, 3156, 2743, 3128, 447, 2704, 4, 1847, 3302, 700, 1058,
                          3796, 2521, 1129, 955, 1541, 175, 1452, 3040, 3573, 702, 279, 3571,
                          684, 3779, 3743, 3568, 3281, 810, 158, 3565, 3570, 2024, 1905, 640,
                          485, 1054, 3127, 3417, 917, 668, 2017, 3563, 2575, 586, 109, 159,
                          3155, 2023, 511, 2770, 3042, 3491, 2292, 3131, 161, 2129, 653, 3638,
                          3805, 2016, 1038, 2022, 2015, 359, 751, 1670, 976, 1580, 2785, 2014,
                          2021, 1474, 2800, 3657, 2771, 407, 3445, 3423, 2914, 1817, 2013,
                          1064, 1965, 1065, 2020, 3052, 2065, 2494, 2012, 2493, 556
  Coordinates...........: (3.16188e+08,4.03676e+08)
  Semiminor axis........: 23962.09
  Semimajor axis........: 71886.28
  Angle (degrees).......: -60.00
  Shape.................: 3.00
  Time frame............: 2011-10-1_1 to 2011-10-1_3
  Number of cases.......: 20262
  Expected cases........: 7896.78
  Observed / expected...: 2.57
  Test statistic........: 6731.440492

10.Location IDs included.: 3198, 2627, 689, 2654, 2625, 2402, 2624, 3190, 422, 2746, 3868, 2688,
                          1145, 431, 2772, 2621, 742, 2620, 3533, 1204, 2630, 1203, 1193, 1205,
                          3452, 688, 3197, 3032, 3572, 1080, 1073, 1207, 2618, 2653, 3189,
                          1214, 546, 3519, 1190, 2745, 1081, 133, 2655, 3199, 136, 3530, 421,
                          3476, 357, 3033, 423, 3464, 1212, 1075, 2633, 974, 299, 430, 1199,
                          3191, 1211, 1146, 3211, 654, 1179, 2747, 1988, 2773, 614, 925, 2501,
                          1353, 1786, 1169, 888, 3609, 2616, 432, 882, 2094, 2779, 2635, 1185,
                          966, 1225, 2777, 547, 3463, 2613, 1184, 1096, 3249, 545, 3515, 3720,
                          1792, 3173, 2323, 487, 1327, 762, 3831, 1229, 926, 1486, 1379, 1188,
                          3465, 2095, 2612, 1794, 450, 3827, 3744, 924, 163, 2081, 1989, 1097,
                          1392, 1216, 3074, 2814, 1904, 1174, 3254, 3231, 2744, 1095, 1238,
                          2611, 1333, 2055, 272, 1332, 1391, 3228, 3872, 1944, 2082, 3347,
                          1173, 2657, 2986, 2405, 3200, 424, 690, 1686, 771, 1985, 1314, 2985,
                          162, 1147, 1250, 2981, 427, 637, 2774, 3296, 3192, 2988, 2552, 2749,
                          2558, 3375, 1606, 2780, 1236, 2973, 1393, 1166, 548, 729, 2609, 433,
                          1554, 755, 2993, 1959, 439, 2547, 2970, 1232, 1780, 1164, 930, 3758,
                          701, 2964, 2559, 2042, 292, 2996, 2280, 2963, 754, 2092, 3711, 1168,
                          1679, 1098, 440, 3467, 3760, 3187, 2556, 3352, 1247, 820, 3761, 1990,
                          1515, 2927, 2607, 769, 3434, 1340, 438, 2834, 1559, 3723, 1249, 2656,
                          1158, 3000, 1326, 2959, 2606, 1973, 3439, 1560, 2920, 1256, 827,
                          2553, 489, 3343, 814, 2605, 2039, 1325, 3003, 2958, 1243, 2335, 411,
                          1572, 1394, 671, 2038, 3355, 3342, 1254, 3791, 2344, 441, 2957, 3354,
                          409, 2604, 1252, 1116, 2096, 2282, 3792, 2663, 2784, 2658, 2406,
                          1117, 425, 3681, 977, 2198, 3201, 1148, 3004, 691, 2537, 1981, 1282,
                          2775, 3034, 1114, 3684, 3679, 1536, 2781, 3193, 2889, 2667, 2887,
                          2536, 549, 3006, 2751, 2954, 1115, 3790, 3686, 2885, 2603, 3678,
                          3724, 3100, 2883, 1603, 434, 363, 3763, 2219, 1113, 2882, 2670, 3677,
                          3680, 466, 2474, 1902, 2880, 1112, 2602, 3250, 1251, 1111
  Coordinates...........: (3.16255e+08,4.03484e+08)
  Semiminor axis........: 17749.80
  Semimajor axis........: 88748.98
  Angle (degrees).......: -60.00
  Shape.................: 5.00
  Time frame............: 2011-10-30_1 to 2011-10-30_3
  Number of cases.......: 5068
  Expected cases........: 17497.11
  Observed / expected...: 0.29
  Test statistic........: 6153.390431

Processor :