                                 _____________________________

                                        SaTScan v9.4.2
                                 _____________________________


Program run on: Sun Aug 28 11:49:00 2016

Retrospective Space-Time analysis
scanning for clusters with high or low rates
using the Space-Time Permutation model.
_______________________________________________________________________________________________

SUMMARY OF DATA

Study period.......................: 0 to 743
Number of locations................: 3874
Total number of cases..............: 19258259
_______________________________________________________________________________________________
1.Location IDs included.: 601, 602, 600, 426, 3269, 289, 417, 939, 3267, 2686, 942, 2638, 54,
                          62, 3289, 712, 3288, 1265, 2637, 3270, 788, 599, 2639, 3287, 2881,
                          1433, 1953, 801, 2636, 789, 2690, 60, 634, 57, 2684, 219, 3290, 2640,
                          603, 98, 2634, 3286, 1447, 953, 665, 799, 3593, 790, 596, 3265, 636,
                          1120, 1431, 803, 2692, 666, 64, 3549, 2683, 543, 326, 216, 514, 798,
                          101, 1450, 604, 1805, 791, 2475, 2517, 76, 1436, 793, 3212, 1429,
                          2288, 518, 1449, 1714, 3277, 595, 753, 797, 994, 794, 59, 792, 221,
                          657, 3799, 13, 2289, 233, 2695, 66, 3647, 3649, 2007, 525, 1558,
                          1427, 3801, 3651, 385, 3272, 3284, 718, 2523, 3306, 3085, 1807, 273,
                          2114, 1808, 274, 5, 3627, 1809, 2077, 3783, 3273, 3419, 1715, 14,
                          923, 1810, 275, 594, 75, 1585, 721, 2031, 3420, 2207, 384, 745, 716,
                          3045, 2116, 1448, 605, 1811, 870, 236, 67, 2006, 3047, 324, 869, 271,
                          1812, 2278, 1707, 212, 722, 746, 607, 2519, 1406, 672, 3283, 3652,
                          1397, 342, 1382, 748, 948, 1813, 3784, 3276, 0, 3305, 1451, 3598,
                          306, 2117, 667, 2803, 585, 3798, 2764, 77, 3257, 1729, 2478, 960,
                          592, 2807, 809, 2, 519, 1668, 1399, 3654, 3266, 3780, 828, 1548, 276,
                          558, 1771, 608, 714, 3268, 2291, 68, 723, 559, 1377, 1, 697, 1814,
                          744, 597, 3332, 1731, 3803, 2862, 1770, 1711, 1960, 3601, 3282, 3328,
                          1049, 1624, 3655, 1443, 3044, 964, 724, 3304, 1704, 3325, 1023, 343,
                          3274, 3327, 3510, 540, 3741, 3422, 610, 2766, 1769, 1710, 3326, 1815,
                          749, 590, 3350, 698, 727, 3049, 3335, 699, 3629, 796, 1816, 150,
                          1542, 1641, 1482, 277, 3499, 3591, 949, 483, 1085, 2083, 155, 151,
                          156, 3112, 154, 3631, 557, 2037, 3848, 2808, 3336, 764, 1727, 3607,
                          1709, 3157, 153, 2040, 2917, 3742, 3797, 3275, 3656, 452, 560, 1628,
                          3685, 1442, 2767, 3869, 921, 686, 922, 484, 919, 2742, 589, 1034,
                          750, 3873, 940, 2740, 3721, 2087, 1906, 1022, 157, 1682, 2960, 2090,
                          3337, 3509, 3156, 2743, 3128, 447, 2704, 4, 1847, 3302, 700, 1058,
                          3796, 2521, 1129, 955, 1541, 175, 1452, 3040, 3573, 702, 279, 3571,
                          684, 3779, 3743, 3568, 3281, 810, 158, 3565, 3570, 2024, 1905, 640,
                          485, 1054, 3127, 3417, 917, 668, 2017, 3563, 2575, 586, 109, 159,
                          3155, 2023, 511, 2770, 3042, 3491, 2292, 3131, 161, 2129, 653, 3638,
                          3805, 2016, 1038, 2022, 2015, 359, 751, 1670, 976, 1580, 2785, 2014,
                          2021, 1474, 2800, 3657, 2771, 407, 3445, 3423, 2914, 1817, 2013,
                          1064, 1965, 1065, 2020, 3052, 2065, 2494, 2012, 2493, 556
  Coordinates...........: (3.16188e+08,4.03676e+08)
  Semiminor axis........: 23962.09
  Semimajor axis........: 71886.28
  Angle (degrees).......: -60.00
  Shape.................: 3.00
  Time frame............: 2011-10-1_22 to 2011-10-2_4
  Number of cases.......: 53338
  Expected cases........: 24723.34
  Observed / expected...: 2.16
  Test statistic........: 12417.988581

2.Location IDs included.: 289, 3269, 3267, 3270, 600, 601, 1265, 602, 1433, 788, 599, 2881,
                          1953, 2639, 712, 1447, 417, 953, 426, 942, 3593, 2686, 939, 62, 634,
                          2640, 596, 2690, 2638, 636, 54, 60, 665, 3288, 3289, 3287, 666, 76,
                          603, 1436, 3265, 2637, 2692, 3286, 2684, 64, 1120, 57, 595, 1805,
                          101, 801, 789, 3290, 219, 2636, 514, 604, 2475, 518, 3277, 3085, 543,
                          2695, 1431, 2683, 3273, 66, 2007, 98, 2288, 525, 326, 2289, 594, 221,
                          799, 3284, 790, 1807, 2634, 1808, 1809, 803, 216, 3799, 3801, 2031,
                          1810, 236, 1382, 1429, 67, 2006, 306, 3784, 2207, 3627, 14, 5, 75,
                          3272, 3783, 2077, 667, 384, 3306, 923, 592, 2517, 721, 1811, 3283,
                          2523, 605, 324, 798, 3549, 791, 960, 77, 385, 672, 1449, 722, 3212,
                          1812, 1450, 3276, 3419, 3420, 519, 714, 793, 1427, 1049, 1714, 585,
                          1377, 13, 1813, 792, 59, 794, 3274, 718, 1399, 797, 2291, 3045, 3047,
                          723, 3282, 2764, 3305, 753, 1448, 590, 1668, 3798, 994, 212, 3803,
                          3651, 1711, 1558, 3649, 724, 657, 1704, 1624, 233, 1715, 3652, 1707,
                          948, 1542, 3780, 540, 964, 3741, 2519, 1710, 3647, 764, 3654, 1585,
                          275, 727, 3275, 274, 1814, 3422, 3304, 2114, 1482, 2766, 3655, 2807,
                          2803, 3332, 273, 3335, 3499, 589, 276, 1451, 716, 3112, 870, 3049,
                          3044, 597, 3336, 746, 3742, 748, 2116, 2704, 1709, 559, 869, 558,
                          745, 2037, 452, 175, 2024, 949, 277, 1815, 640, 796, 3656, 809, 3328,
                          3797, 1406, 668, 3337, 2023, 2040, 3281, 2742, 749, 156, 2740, 342,
                          2767, 2278, 0, 3721, 586, 2117, 3266, 3268, 157, 1397, 1023, 1443,
                          1548, 2808, 2960, 271, 3128, 511, 155, 1816, 2022, 3510, 2743, 3743,
                          1729, 2, 158, 2292, 3327, 607, 3796, 1906, 2021, 3302, 750, 279, 159,
                          154, 560, 3805, 557, 828, 2478, 3350, 3127, 2020, 3779, 68, 3325,
                          1058, 3326, 161, 3598, 1, 1731, 2862, 976, 3257, 698, 699, 2017,
                          1905, 697, 2019, 2770, 3657, 3417, 2521, 407, 1022, 3423, 1670, 153,
                          1442
  Coordinates...........: (3.16192e+08,4.03672e+08)
  Semiminor axis........: 24451.35
  Semimajor axis........: 48902.70
  Angle (degrees).......: -60.00
  Shape.................: 2.00
  Time frame............: 2011-10-8_22 to 2011-10-9_4
  Number of cases.......: 47632
  Expected cases........: 20961.78
  Observed / expected...: 2.27
  Test statistic........: 12444.587888

3.Location IDs included.: 601, 602, 600, 426, 3269, 289, 417, 939, 3267, 2686, 942, 2638, 54,
                          62, 3289, 712, 3288, 1265, 2637, 3270, 788, 599, 2639, 3287, 2881,
                          1433, 1953, 801, 2636, 789, 2690, 60, 634, 57, 2684, 219, 3290, 2640,
                          603, 98, 2634, 3286, 1447, 953, 665, 799, 3593, 790, 596, 3265, 636,
                          1120, 1431, 803, 2692, 666, 64, 3549, 2683, 543, 326, 216, 514, 798,
                          101, 1450, 604, 1805, 791, 2475, 2517, 76, 1436, 793, 3212, 1429,
                          2288, 518, 1449, 1714, 3277, 595, 753, 797, 994, 794, 59, 792, 221,
                          657, 3799, 13, 2289, 233, 2695, 66, 3647, 3649, 2007, 525, 1558,
                          1427, 3801, 3651, 385, 3272, 3284, 718, 2523, 3306, 3085, 1807, 273,
                          2114, 1808, 274, 5, 3627, 1809, 2077, 3783, 3273, 3419, 1715, 14,
                          923, 1810, 275, 594, 75, 1585, 721, 2031, 3420, 2207, 384, 745, 716,
                          3045, 2116, 1448, 605, 1811, 870, 236, 67, 2006, 3047, 324, 869, 271,
                          1812, 2278, 1707, 212, 722, 746, 607, 2519, 1406, 672, 3283, 3652,
                          1397, 342, 1382, 748, 948, 1813, 3784, 3276, 0, 3305, 1451, 3598,
                          306, 2117, 667, 2803, 585, 3798, 2764, 77, 3257, 1729, 2478, 960,
                          592, 2807, 809, 2, 519, 1668, 1399, 3654, 3266, 3780, 828, 1548, 276,
                          558, 1771, 608, 714, 3268, 2291, 68, 723, 559, 1377, 1, 697, 1814,
                          744, 597, 3332, 1731, 3803, 2862, 1770, 1711, 1960, 3601, 3282, 3328,
                          1049, 1624, 3655, 1443, 3044, 964, 724, 3304, 1704, 3325, 1023, 343,
                          3274, 3327, 3510, 540, 3741, 3422, 610, 2766, 1769, 1710, 3326, 1815,
                          749, 590, 3350, 698, 727, 3049, 3335, 699, 3629, 796, 1816, 150,
                          1542, 1641, 1482, 277, 3499, 3591, 949, 483, 1085, 2083, 155, 151,
                          156, 3112, 154, 3631, 557, 2037, 3848, 2808, 3336, 764, 1727, 3607,
                          1709, 3157, 153, 2040, 2917, 3742, 3797, 3275, 3656, 452, 560, 1628,
                          3685, 1442, 2767, 3869, 921, 686, 922, 484, 919, 2742, 589, 1034,
                          750, 3873, 940, 2740, 3721, 2087, 1906, 1022, 157, 1682, 2960, 2090,
                          3337, 3509, 3156, 2743, 3128, 447, 2704, 4, 1847, 3302, 700, 1058,
                          3796, 2521, 1129, 955, 1541, 175, 1452, 3040, 3573, 702, 279, 3571,
                          684, 3779, 3743, 3568, 3281, 810, 158, 3565, 3570, 2024, 1905, 640,
                          485, 1054, 3127, 3417, 917, 668, 2017, 3563, 2575, 586, 109, 159,
                          3155, 2023, 511, 2770, 3042, 3491, 2292, 3131, 161, 2129, 653, 3638,
                          3805, 2016, 1038, 2022, 2015, 359, 751, 1670, 976, 1580, 2785, 2014,
                          2021, 1474, 2800, 3657, 2771, 407, 3445, 3423, 2914, 1817, 2013,
                          1064, 1965, 1065, 2020, 3052, 2065, 2494, 2012, 2493, 556
  Coordinates...........: (3.16188e+08,4.03676e+08)
  Semiminor axis........: 23962.09
  Semimajor axis........: 71886.28
  Angle (degrees).......: -60.00
  Shape.................: 3.00
  Time frame............: 2011-10-14_23 to 2011-10-15_5
  Number of cases.......: 46158
  Expected cases........: 19838.52
  Observed / expected...: 2.33
  Test statistic........: 12676.220484

4.Location IDs included.: 601, 602, 600, 426, 3269, 289, 417, 939, 3267, 2686, 942, 2638, 54,
                          62, 3289, 712, 3288, 1265, 2637, 3270, 788, 599, 2639, 3287, 2881,
                          1433, 1953, 801, 2636, 789, 2690, 60, 634, 57, 2684, 219, 3290, 2640,
                          603, 98, 2634, 3286, 1447, 953, 665, 799, 3593, 790, 596, 3265, 636,
                          1120, 1431, 803, 2692, 666, 64, 3549, 2683, 543, 326, 216, 514, 798,
                          101, 1450, 604, 1805, 791, 2475, 2517, 76, 1436, 793, 3212, 1429,
                          2288, 518, 1449, 1714, 3277, 595, 753, 797, 994, 794, 59, 792, 221,
                          657, 3799, 13, 2289, 233, 2695, 66, 3647, 3649, 2007, 525, 1558,
                          1427, 3801, 3651, 385, 3272, 3284, 718, 2523, 3306, 3085, 1807, 273,
                          2114, 1808, 274, 5, 3627, 1809, 2077, 3783, 3273, 3419, 1715, 14,
                          923, 1810, 275, 594, 75, 1585, 721, 2031, 3420, 2207, 384, 745, 716,
                          3045, 2116, 1448, 605, 1811, 870, 236, 67, 2006, 3047, 324, 869, 271,
                          1812, 2278, 1707, 212, 722, 746, 607, 2519, 1406, 672, 3283, 3652,
                          1397, 342, 1382, 748, 948, 1813, 3784, 3276, 0, 3305, 1451, 3598,
                          306, 2117, 667, 2803, 585, 3798, 2764, 77, 3257, 1729, 2478, 960,
                          592, 2807, 809, 2, 519, 1668, 1399, 3654, 3266, 3780, 828, 1548, 276,
                          558, 1771, 608, 714, 3268, 2291, 68, 723, 559, 1377, 1, 697, 1814,
                          744, 597, 3332, 1731, 3803, 2862, 1770, 1711, 1960, 3601, 3282, 3328,
                          1049, 1624, 3655, 1443, 3044, 964, 724, 3304, 1704, 3325, 1023, 343,
                          3274, 3327, 3510, 540, 3741, 3422, 610, 2766, 1769, 1710, 3326, 1815,
                          749, 590, 3350, 698, 727, 3049, 3335, 699, 3629, 796, 1816, 150,
                          1542, 1641, 1482, 277, 3499, 3591, 949, 483, 1085, 2083, 155, 151,
                          156, 3112, 154, 3631, 557, 2037, 3848, 2808, 3336, 764, 1727, 3607,
                          1709, 3157, 153, 2040, 2917, 3742, 3797, 3275, 3656, 452, 560, 1628,
                          3685, 1442, 2767, 3869, 921, 686, 922, 484, 919, 2742, 589, 1034,
                          750, 3873, 940, 2740, 3721, 2087, 1906, 1022, 157, 1682, 2960, 2090,
                          3337, 3509, 3156, 2743, 3128, 447, 2704, 4, 1847, 3302, 700, 1058,
                          3796, 2521, 1129, 955, 1541, 175, 1452, 3040, 3573, 702, 279, 3571,
                          684, 3779, 3743, 3568, 3281, 810, 158, 3565, 3570, 2024, 1905, 640,
                          485, 1054, 3127, 3417, 917, 668, 2017, 3563, 2575, 586, 109, 159,
                          3155, 2023, 511, 2770, 3042, 3491, 2292, 3131, 161, 2129, 653, 3638,
                          3805, 2016, 1038, 2022, 2015, 359, 751, 1670, 976, 1580, 2785, 2014,
                          2021, 1474, 2800, 3657, 2771, 407, 3445, 3423, 2914, 1817, 2013,
                          1064, 1965, 1065, 2020, 3052, 2065, 2494, 2012, 2493, 556
  Coordinates...........: (3.16188e+08,4.03676e+08)
  Semiminor axis........: 23962.09
  Semimajor axis........: 71886.28
  Angle (degrees).......: -60.00
  Shape.................: 3.00
  Time frame............: 2011-10-7_23 to 2011-10-8_5
  Number of cases.......: 43739
  Expected cases........: 18093.04
  Observed / expected...: 2.42
  Test statistic........: 12979.957134

5.Location IDs included.: 601, 602, 600, 426, 3269, 289, 417, 939, 3267, 2686, 942, 2638, 54,
                          62, 3289, 712, 3288, 1265, 2637, 3270, 788, 599, 2639, 3287, 2881,
                          1433, 1953, 801, 2636, 789, 2690, 60, 634, 57, 2684, 219, 3290, 2640,
                          603, 98, 2634, 3286, 1447, 953, 665, 799, 3593, 790, 596, 3265, 636,
                          1120, 1431, 803, 2692, 666, 64, 3549, 2683, 543, 326, 216, 514, 798,
                          101, 1450, 604, 1805, 791, 2475, 2517, 76, 1436, 793, 3212, 1429,
                          2288, 518, 1449, 1714, 3277, 595, 753, 797, 994, 794, 59, 792, 221,
                          657, 3799, 13, 2289, 233, 2695, 66, 3647, 3649, 2007, 525, 1558,
                          1427, 3801, 3651, 385, 3272, 3284, 718, 2523, 3306, 3085, 1807, 273,
                          2114, 1808, 274, 5, 3627, 1809, 2077, 3783, 3273, 3419, 1715, 14,
                          923, 1810, 275, 594, 75, 1585, 721, 2031, 3420, 2207, 384, 745, 716,
                          3045, 2116, 1448, 605, 1811, 870, 236, 67, 2006, 3047, 324, 869, 271,
                          1812, 2278, 1707, 212, 722, 746, 607, 2519, 1406, 672, 3283, 3652,
                          1397, 342, 1382, 748, 948, 1813, 3784, 3276, 0, 3305, 1451, 3598,
                          306, 2117, 667, 2803, 585, 3798, 2764, 77, 3257, 1729, 2478, 960,
                          592, 2807, 809, 2, 519, 1668, 1399, 3654, 3266, 3780, 828, 1548, 276,
                          558, 1771, 608, 714, 3268, 2291, 68, 723, 559, 1377, 1, 697, 1814,
                          744, 597, 3332, 1731, 3803, 2862, 1770, 1711, 1960, 3601, 3282, 3328,
                          1049, 1624, 3655, 1443, 3044, 964, 724, 3304, 1704, 3325, 1023, 343,
                          3274, 3327, 3510, 540, 3741, 3422, 610, 2766, 1769, 1710, 3326, 1815,
                          749, 590, 3350, 698, 727, 3049, 3335, 699, 3629, 796, 1816, 150,
                          1542, 1641, 1482, 277, 3499, 3591, 949, 483, 1085, 2083, 155, 151,
                          156, 3112, 154, 3631, 557, 2037, 3848, 2808, 3336, 764, 1727, 3607,
                          1709, 3157, 153, 2040, 2917, 3742, 3797, 3275, 3656, 452, 560, 1628,
                          3685, 1442, 2767, 3869, 921, 686, 922, 484, 919, 2742, 589, 1034,
                          750, 3873, 940, 2740, 3721, 2087, 1906, 1022, 157, 1682, 2960, 2090,
                          3337, 3509, 3156, 2743, 3128, 447, 2704, 4, 1847, 3302, 700, 1058,
                          3796, 2521, 1129, 955, 1541, 175, 1452, 3040, 3573, 702, 279, 3571,
                          684, 3779, 3743, 3568, 3281, 810, 158, 3565, 3570, 2024, 1905, 640,
                          485, 1054, 3127, 3417, 917, 668, 2017, 3563, 2575, 586, 109, 159,
                          3155, 2023, 511, 2770, 3042, 3491, 2292, 3131, 161, 2129, 653, 3638,
                          3805, 2016, 1038, 2022, 2015, 359, 751, 1670, 976, 1580, 2785, 2014,
                          2021, 1474, 2800, 3657, 2771, 407, 3445, 3423, 2914, 1817, 2013,
                          1064, 1965, 1065, 2020, 3052, 2065, 2494, 2012, 2493, 556
  Coordinates...........: (3.16188e+08,4.03676e+08)
  Semiminor axis........: 23962.09
  Semimajor axis........: 71886.28
  Angle (degrees).......: -60.00
  Shape.................: 3.00
  Time frame............: 2011-10-15_22 to 2011-10-16_4
  Number of cases.......: 52849
  Expected cases........: 24322.86
  Observed / expected...: 2.17
  Test statistic........: 12506.854076

6.Location IDs included.: 601, 602, 600, 426, 3269, 289, 417, 939, 3267, 2686, 942, 2638, 54,
                          62, 3289, 712, 3288, 1265, 2637, 3270, 788, 599, 2639, 3287, 2881,
                          1433, 1953, 801, 2636, 789, 2690, 60, 634, 57, 2684, 219, 3290, 2640,
                          603, 98, 2634, 3286, 1447, 953, 665, 799, 3593, 790, 596, 3265, 636,
                          1120, 1431, 803, 2692, 666, 64, 3549, 2683, 543, 326, 216, 514, 798,
                          101, 1450, 604, 1805, 791, 2475, 2517, 76, 1436, 793, 3212, 1429,
                          2288, 518, 1449, 1714, 3277, 595, 753, 797, 994, 794, 59, 792, 221,
                          657, 3799, 13, 2289, 233, 2695, 66, 3647, 3649, 2007, 525, 1558,
                          1427, 3801, 3651, 385, 3272, 3284, 718, 2523, 3306, 3085, 1807, 273,
                          2114, 1808, 274, 5, 3627, 1809, 2077, 3783, 3273, 3419, 1715, 14,
                          923, 1810, 275, 594, 75, 1585, 721, 2031, 3420, 2207, 384, 745, 716,
                          3045, 2116, 1448, 605, 1811, 870, 236, 67, 2006, 3047, 324, 869, 271,
                          1812, 2278, 1707, 212, 722, 746, 607, 2519, 1406, 672, 3283, 3652,
                          1397, 342, 1382, 748, 948, 1813, 3784, 3276, 0, 3305, 1451, 3598,
                          306, 2117, 667, 2803, 585, 3798, 2764, 77, 3257, 1729, 2478, 960,
                          592, 2807, 809, 2, 519, 1668, 1399, 3654, 3266, 3780, 828, 1548, 276,
                          558, 1771, 608, 714, 3268, 2291, 68, 723, 559, 1377, 1, 697, 1814,
                          744, 597, 3332, 1731, 3803, 2862, 1770, 1711, 1960, 3601, 3282, 3328,
                          1049, 1624, 3655, 1443, 3044, 964, 724, 3304, 1704, 3325, 1023, 343,
                          3274, 3327, 3510, 540, 3741, 3422, 610, 2766, 1769, 1710, 3326, 1815,
                          749, 590, 3350, 698, 727, 3049, 3335, 699, 3629, 796, 1816, 150,
                          1542, 1641, 1482, 277, 3499, 3591, 949, 483, 1085, 2083, 155, 151,
                          156, 3112, 154, 3631, 557, 2037, 3848, 2808, 3336, 764, 1727, 3607,
                          1709, 3157, 153, 2040, 2917, 3742, 3797, 3275, 3656, 452, 560, 1628,
                          3685, 1442, 2767, 3869, 921, 686, 922, 484, 919, 2742, 589, 1034,
                          750, 3873, 940, 2740, 3721, 2087, 1906, 1022, 157, 1682, 2960, 2090,
                          3337, 3509, 3156, 2743, 3128, 447, 2704, 4, 1847, 3302, 700, 1058,
                          3796, 2521, 1129, 955, 1541, 175, 1452, 3040, 3573, 702, 279, 3571,
                          684, 3779, 3743, 3568, 3281, 810, 158, 3565, 3570, 2024, 1905, 640,
                          485, 1054, 3127, 3417, 917, 668, 2017, 3563, 2575, 586, 109, 159,
                          3155, 2023, 511, 2770, 3042, 3491, 2292, 3131, 161, 2129, 653, 3638,
                          3805, 2016, 1038, 2022, 2015, 359, 751, 1670, 976, 1580, 2785, 2014,
                          2021, 1474, 2800, 3657, 2771, 407, 3445, 3423, 2914, 1817, 2013,
                          1064, 1965, 1065, 2020, 3052, 2065, 2494, 2012, 2493, 556
  Coordinates...........: (3.16188e+08,4.03676e+08)
  Semiminor axis........: 23962.09
  Semimajor axis........: 71886.28
  Angle (degrees).......: -60.00
  Shape.................: 3.00
  Time frame............: 2011-10-21_22 to 2011-10-22_4
  Number of cases.......: 49642
  Expected cases........: 22362.20
  Observed / expected...: 2.22
  Test statistic........: 12327.205783

7.Location IDs included.: 601, 602, 600, 426, 3269, 289, 417, 939, 3267, 2686, 942, 2638, 54,
                          62, 3289, 712, 3288, 1265, 2637, 3270, 788, 599, 2639, 3287, 2881,
                          1433, 1953, 801, 2636, 789, 2690, 60, 634, 57, 2684, 219, 3290, 2640,
                          603, 98, 2634, 3286, 1447, 953, 665, 799, 3593, 790, 596, 3265, 636,
                          1120, 1431, 803, 2692, 666, 64, 3549, 2683, 543, 326, 216, 514, 798,
                          101, 1450, 604, 1805, 791, 2475, 2517, 76, 1436, 793, 3212, 1429,
                          2288, 518, 1449, 1714, 3277, 595, 753, 797, 994, 794, 59, 792, 221,
                          657, 3799, 13, 2289, 233, 2695, 66, 3647, 3649, 2007, 525, 1558,
                          1427, 3801, 3651, 385, 3272, 3284, 718, 2523, 3306, 3085, 1807, 273,
                          2114, 1808, 274, 5, 3627, 1809, 2077, 3783, 3273, 3419, 1715, 14,
                          923, 1810, 275, 594, 75, 1585, 721, 2031, 3420, 2207, 384, 745, 716,
                          3045, 2116, 1448, 605, 1811, 870, 236, 67, 2006, 3047, 324, 869, 271,
                          1812, 2278, 1707, 212, 722, 746, 607, 2519, 1406, 672, 3283, 3652,
                          1397, 342, 1382, 748, 948, 1813, 3784, 3276, 0, 3305, 1451, 3598,
                          306, 2117, 667, 2803, 585, 3798, 2764, 77, 3257, 1729, 2478, 960,
                          592, 2807, 809, 2, 519, 1668, 1399, 3654, 3266, 3780, 828, 1548, 276,
                          558, 1771, 608, 714, 3268, 2291, 68, 723, 559, 1377, 1, 697, 1814,
                          744, 597, 3332, 1731, 3803, 2862, 1770, 1711, 1960, 3601, 3282, 3328,
                          1049, 1624, 3655, 1443, 3044, 964, 724, 3304, 1704, 3325, 1023, 343,
                          3274, 3327, 3510, 540, 3741, 3422, 610, 2766, 1769, 1710, 3326, 1815,
                          749, 590, 3350, 698, 727, 3049, 3335, 699, 3629, 796, 1816, 150,
                          1542, 1641, 1482, 277, 3499, 3591, 949, 483, 1085, 2083, 155, 151,
                          156, 3112, 154, 3631, 557, 2037, 3848, 2808, 3336, 764, 1727, 3607,
                          1709, 3157, 153, 2040, 2917, 3742, 3797, 3275, 3656, 452, 560, 1628,
                          3685, 1442, 2767, 3869, 921, 686, 922, 484, 919, 2742, 589, 1034,
                          750, 3873, 940, 2740, 3721, 2087, 1906, 1022, 157, 1682, 2960, 2090,
                          3337, 3509, 3156, 2743, 3128, 447, 2704, 4, 1847, 3302, 700, 1058,
                          3796, 2521, 1129, 955, 1541, 175, 1452, 3040, 3573, 702, 279, 3571,
                          684, 3779, 3743, 3568, 3281, 810, 158, 3565, 3570, 2024, 1905, 640,
                          485, 1054, 3127, 3417, 917, 668, 2017, 3563, 2575, 586, 109, 159,
                          3155, 2023, 511, 2770, 3042, 3491, 2292, 3131, 161, 2129, 653, 3638,
                          3805, 2016, 1038, 2022, 2015, 359, 751, 1670, 976, 1580, 2785, 2014,
                          2021, 1474, 2800, 3657, 2771, 407, 3445, 3423, 2914, 1817, 2013,
                          1064, 1965, 1065, 2020, 3052, 2065, 2494, 2012, 2493, 556
  Coordinates...........: (3.16188e+08,4.03676e+08)
  Semiminor axis........: 23962.09
  Semimajor axis........: 71886.28
  Angle (degrees).......: -60.00
  Shape.................: 3.00
  Time frame............: 2011-10-22_22 to 2011-10-23_4
  Number of cases.......: 51519
  Expected cases........: 23306.47
  Observed / expected...: 2.21
  Test statistic........: 12673.961100

8.Location IDs included.: 601, 602, 600, 426, 3269, 289, 417, 939, 3267, 2686, 942, 2638, 54,
                          62, 3289, 712, 3288, 1265, 2637, 3270, 788, 599, 2639, 3287, 2881,
                          1433, 1953, 801, 2636, 789, 2690, 60, 634, 57, 2684, 219, 3290, 2640,
                          603, 98, 2634, 3286, 1447, 953, 665, 799, 3593, 790, 596, 3265, 636,
                          1120, 1431, 803, 2692, 666, 64, 3549, 2683, 543, 326, 216, 514, 798,
                          101, 1450, 604, 1805, 791, 2475, 2517, 76, 1436, 793, 3212, 1429,
                          2288, 518, 1449, 1714, 3277, 595, 753, 797, 994, 794, 59, 792, 221,
                          657, 3799, 13, 2289, 233, 2695, 66, 3647, 3649, 2007, 525, 1558,
                          1427, 3801, 3651, 385, 3272, 3284, 718, 2523, 3306, 3085, 1807, 273,
                          2114, 1808, 274, 5, 3627, 1809, 2077, 3783, 3273, 3419, 1715, 14,
                          923, 1810, 275, 594, 75, 1585, 721, 2031, 3420, 2207, 384, 745, 716,
                          3045, 2116, 1448, 605, 1811, 870, 236, 67, 2006, 3047, 324, 869, 271,
                          1812, 2278, 1707, 212, 722, 746, 607, 2519, 1406, 672, 3283, 3652,
                          1397, 342, 1382, 748, 948, 1813, 3784, 3276, 0, 3305, 1451, 3598,
                          306, 2117, 667, 2803, 585, 3798, 2764, 77, 3257, 1729, 2478, 960,
                          592, 2807, 809, 2, 519, 1668, 1399, 3654, 3266, 3780, 828, 1548, 276,
                          558, 1771, 608, 714, 3268, 2291, 68, 723, 559, 1377, 1, 697, 1814,
                          744, 597, 3332, 1731, 3803, 2862, 1770, 1711, 1960, 3601, 3282, 3328,
                          1049, 1624, 3655, 1443, 3044, 964, 724, 3304, 1704, 3325, 1023, 343,
                          3274, 3327, 3510, 540, 3741, 3422, 610, 2766, 1769, 1710, 3326, 1815,
                          749, 590, 3350, 698, 727, 3049, 3335, 699, 3629, 796, 1816, 150,
                          1542, 1641, 1482, 277, 3499, 3591, 949, 483, 1085, 2083, 155, 151,
                          156, 3112, 154, 3631, 557, 2037, 3848, 2808, 3336, 764, 1727, 3607,
                          1709, 3157, 153, 2040, 2917, 3742, 3797, 3275, 3656, 452, 560, 1628,
                          3685, 1442, 2767, 3869, 921, 686, 922, 484, 919, 2742, 589, 1034,
                          750, 3873, 940, 2740, 3721, 2087, 1906, 1022, 157, 1682, 2960, 2090,
                          3337, 3509, 3156, 2743, 3128, 447, 2704, 4, 1847, 3302, 700, 1058,
                          3796, 2521, 1129, 955, 1541, 175, 1452, 3040, 3573, 702, 279, 3571,
                          684, 3779, 3743, 3568, 3281, 810, 158, 3565, 3570, 2024, 1905, 640,
                          485, 1054, 3127, 3417, 917, 668, 2017, 3563, 2575, 586, 109, 159,
                          3155, 2023, 511, 2770, 3042, 3491, 2292, 3131, 161, 2129, 653, 3638,
                          3805, 2016, 1038, 2022, 2015, 359, 751, 1670, 976, 1580, 2785, 2014,
                          2021, 1474, 2800, 3657, 2771, 407, 3445, 3423, 2914, 1817, 2013,
                          1064, 1965, 1065, 2020, 3052, 2065, 2494, 2012, 2493, 556
  Coordinates...........: (3.16188e+08,4.03676e+08)
  Semiminor axis........: 23962.09
  Semimajor axis........: 71886.28
  Angle (degrees).......: -60.00
  Shape.................: 3.00
  Time frame............: 2011-10-28_22 to 2011-10-29_4
  Number of cases.......: 50088
  Expected cases........: 22836.44
  Observed / expected...: 2.19
  Test statistic........: 12108.010132

9.Location IDs included.: 689, 2625, 3198, 2624, 2627, 3190, 2654, 2746, 2402, 2688, 422, 431,
                          3868, 2621, 1145, 2620, 2772, 2618, 1204, 1193, 742, 3533, 3452,
                          1203, 1207, 3032, 688, 1205, 1073, 3189, 3197, 1190, 1080, 2745,
                          3464, 3572, 2630, 2653, 3476, 357, 136, 1214, 3199, 1081, 3033, 2655,
                          3519, 430, 1199, 1075, 3530, 133, 1988, 546, 3191, 423, 421, 654,
                          1179, 2747, 1212, 299, 974, 1353, 1169, 1786, 2616, 1146, 2633, 1211,
                          3211, 2094, 432, 1185, 2773, 614, 2613, 966, 2501, 3463, 888, 925,
                          1184, 3609, 3249, 882, 2779, 3173, 487, 2323, 3720, 2635, 1327, 1225,
                          2777, 547, 1486, 3831, 2612, 1188, 3465, 1096, 545, 1792, 3515, 2095,
                          3744, 2081, 1989, 1392, 926, 1229, 1379, 3074, 762, 1794, 1174, 3254,
                          450, 2611, 2744, 3827, 924, 163, 2055, 1333, 1097, 1391, 2814, 1216,
                          2082, 3347, 1173, 1904, 3231, 1314, 1095, 1238, 637, 3872, 427, 3296,
                          3200, 2986, 2657, 690, 2405, 272, 1332, 2985, 424, 2981, 3375, 3228,
                          1944, 1985, 3192, 1393, 1147, 2609, 1166, 2749, 1686, 2774, 2973,
                          1959, 771, 162, 2988, 1250, 433, 1780, 1164, 3758, 2780, 2970, 2042,
                          2552, 1554, 729, 292, 548, 1606, 2558, 2964, 1236, 2092, 2993, 1168,
                          1679, 2963, 3760, 755, 3187, 701, 2547, 930, 439, 3352, 1232, 3467,
                          1515, 2607, 2996, 2559, 769, 1990, 3434, 754, 1559, 3711, 2280, 1098,
                          1158, 2834, 2606, 440, 1973, 3439, 3761, 2959, 1560, 2556, 3723,
                          1247, 820, 1340, 2927, 489, 814, 2605, 2039, 438, 1249, 3000, 2656,
                          2958, 1326, 671, 3355, 2038, 2553, 2920, 1394, 1256, 827, 3343, 3003,
                          2957, 3354, 2604, 1325, 1243, 1116, 2335, 2096, 1572, 411, 2784,
                          1117, 3342, 2537, 1254, 1114, 441, 1981, 3791, 2344, 2536, 2658,
                          3681, 2406, 3201, 1115, 425, 691, 409, 977, 2603, 1252, 3034, 2282,
                          2954, 1148, 3679, 3100, 2775, 3193, 2889, 3792, 2887, 2663, 3684,
                          2751, 1113, 2885, 3680, 3678, 466, 3763, 3004, 2781, 2198, 2883, 549,
                          2602, 1112, 434, 1282, 1111, 2882, 3686, 3677, 1536, 3006, 1274,
                          2667, 2880, 1603, 3250
  Coordinates...........: (3.16253e+08,4.03487e+08)
  Semiminor axis........: 17509.67
  Semimajor axis........: 87548.34
  Angle (degrees).......: -60.00
  Shape.................: 5.00
  Time frame............: 2011-10-29_22 to 2011-10-30_4
  Number of cases.......: 15325
  Expected cases........: 42812.38
  Observed / expected...: 0.36
  Test statistic........: 11762.994185

10.Location IDs included.: 601, 602, 600, 426, 3269, 289, 417, 939, 3267, 2686, 942, 2638, 54,
                          62, 3289, 712, 3288, 1265, 2637, 3270, 788, 599, 2639, 3287, 2881,
                          1433, 1953, 801, 2636, 789, 2690, 60, 634, 57, 2684, 219, 3290, 2640,
                          603, 98, 2634, 3286, 1447, 953, 665, 799, 3593, 790, 596, 3265, 636,
                          1120, 1431, 803, 2692, 666, 64, 3549, 2683, 543, 326, 216, 514, 798,
                          101, 1450, 604, 1805, 791, 2475, 2517, 76, 1436, 793, 3212, 1429,
                          2288, 518, 1449, 1714, 3277, 595, 753, 797, 994, 794, 59, 792, 221,
                          657, 3799, 13, 2289, 233, 2695, 66, 3647, 3649, 2007, 525, 1558,
                          1427, 3801, 3651, 385, 3272, 3284, 718, 2523, 3306, 3085, 1807, 273,
                          2114, 1808, 274, 5, 3627, 1809, 2077, 3783, 3273, 3419, 1715, 14,
                          923, 1810, 275, 594, 75, 1585, 721, 2031, 3420, 2207, 384, 745, 716,
                          3045, 2116, 1448, 605, 1811, 870, 236, 67, 2006, 3047, 324, 869, 271,
                          1812, 2278, 1707, 212, 722, 746, 607, 2519, 1406, 672, 3283, 3652,
                          1397, 342, 1382, 748, 948, 1813, 3784, 3276, 0, 3305, 1451, 3598,
                          306, 2117, 667, 2803, 585, 3798, 2764, 77, 3257, 1729, 2478, 960,
                          592, 2807, 809, 2, 519, 1668, 1399, 3654, 3266, 3780, 828, 1548, 276,
                          558, 1771, 608, 714, 3268, 2291, 68, 723, 559, 1377, 1, 697, 1814,
                          744, 597, 3332, 1731, 3803, 2862, 1770, 1711, 1960, 3601, 3282, 3328,
                          1049, 1624, 3655, 1443, 3044, 964, 724, 3304, 1704, 3325, 1023, 343,
                          3274, 3327, 3510, 540, 3741, 3422, 610, 2766, 1769, 1710, 3326, 1815,
                          749, 590, 3350, 698, 727, 3049, 3335, 699, 3629, 796, 1816, 150,
                          1542, 1641, 1482, 277, 3499, 3591, 949, 483, 1085, 2083, 155, 151,
                          156, 3112, 154, 3631, 557, 2037, 3848, 2808, 3336, 764, 1727, 3607,
                          1709, 3157, 153, 2040, 2917, 3742, 3797, 3275, 3656, 452, 560, 1628,
                          3685, 1442, 2767, 3869, 921, 686, 922, 484, 919, 2742, 589, 1034,
                          750, 3873, 940, 2740, 3721, 2087, 1906, 1022, 157, 1682, 2960, 2090,
                          3337, 3509, 3156, 2743, 3128, 447, 2704, 4, 1847, 3302, 700, 1058,
                          3796, 2521, 1129, 955, 1541, 175, 1452, 3040, 3573, 702, 279, 3571,
                          684, 3779, 3743, 3568, 3281, 810, 158, 3565, 3570, 2024, 1905, 640,
                          485, 1054, 3127, 3417, 917, 668, 2017, 3563, 2575, 586, 109, 159,
                          3155, 2023, 511, 2770, 3042, 3491, 2292, 3131, 161, 2129, 653, 3638,
                          3805, 2016, 1038, 2022, 2015, 359, 751, 1670, 976, 1580, 2785, 2014,
                          2021, 1474, 2800, 3657, 2771, 407, 3445, 3423, 2914, 1817, 2013,
                          1064, 1965, 1065, 2020, 3052, 2065, 2494, 2012, 2493, 556
  Coordinates...........: (3.16188e+08,4.03676e+08)
  Semiminor axis........: 23962.09
  Semimajor axis........: 71886.28
  Angle (degrees).......: -60.00
  Shape.................: 3.00
  Time frame............: 2011-10-1_0 to 2011-10-1_5
  Number of cases.......: 32303
  Expected cases........: 12684.19
  Observed / expected...: 2.55
  Test statistic........: 10588.137879

Processor :