                                 _____________________________

                                        SaTScan v9.4.2
                                 _____________________________


Program run on: Sun Aug 28 18:44:03 2016

Retrospective Space-Time analysis
scanning for clusters with high or low rates
using the Space-Time Permutation model.
_______________________________________________________________________________________________

SUMMARY OF DATA

Study period.......................: 0 to 743
Number of locations................: 3874
Total number of cases..............: 19439152
_______________________________________________________________________________________________
1.Location IDs included.: 2640, 3267, 2639, 2881, 3269, 602, 601, 788, 1811, 101, 1953, 1812,
                          600, 2207, 417, 942, 712, 62, 2686, 1813, 426, 289, 939, 1810, 634,
                          3287, 3265, 3798, 3288, 2690, 60, 3286, 3289, 1265, 1809, 599, 219,
                          1431, 2638, 525, 665, 54, 3780, 1808, 1906, 789, 3797, 603, 1807,
                          3270, 1429, 801, 2037, 221, 2475, 1814, 3417, 3042, 2637, 2523, 803,
                          1905, 1120, 796, 3277, 64, 3779, 3638, 2692, 3796, 1427, 2800, 1448,
                          1433, 790, 2743, 3044, 2960, 596, 2684, 3652, 799, 514, 57, 3131,
                          556, 2636, 1449, 3721, 75, 604, 3128, 276, 2742, 3654, 3284, 1709,
                          1447, 1815, 13, 3127, 1439, 1064, 1065, 2007, 3499, 791, 3290, 2740,
                          66, 52, 2288, 749, 452, 2695, 3133, 3833, 2500, 1710, 3041, 3112,
                          3655, 798, 1704, 495, 3153, 792, 3651, 2634, 1711, 543, 3154, 1585,
                          727, 2499, 2797, 2683, 3741, 748, 1816, 953, 3834, 793, 794, 595,
                          1558, 724, 275, 1399, 3799, 3268, 3593, 277, 98
  Coordinates...........: (3.16189e+08,4.03666e+08)
  Semiminor axis........: 9826.33
  Semimajor axis........: 49131.66
  Angle (degrees).......: -84.00
  Shape.................: 5.00
  Time frame............: 2011-10-1_21 to 2011-10-2_5
  Number of cases.......: 35301
  Expected cases........: 16005.19
  Observed / expected...: 2.21
  Test statistic........: 8636.761810

2.Location IDs included.: 602, 601, 417, 2686, 62, 942, 2639, 3267, 426, 939, 3287, 2640, 3269,
                          600, 712, 3288, 219, 2881, 3289, 3286, 1431, 101, 60, 788, 2690, 289,
                          789, 1429, 1953, 2638, 3265, 54, 801, 803, 2207, 2523, 1811, 599,
                          221, 1810, 1427, 1812, 1448, 634, 2637, 603, 2475, 1809, 525, 790,
                          3652, 1265, 1813, 1808, 64, 799, 1449, 3270, 2692, 1807, 276, 3277,
                          665, 3798, 2636, 3654, 2684, 13, 57, 749, 75, 791, 3797, 596, 3780,
                          2037, 604, 3651, 1120, 798, 1906, 792, 1585, 1433, 3284, 748, 3290,
                          3268, 3655, 275, 2634, 1558, 794, 746, 1905, 3779, 793, 699, 2007,
                          3417, 1814, 447, 3266, 66, 3796, 3042, 698, 2743, 796, 2695, 700,
                          2960, 1447, 3649, 277, 3638, 797, 514, 2090, 702, 543, 2087, 3721,
                          2683, 98, 3128, 2742, 3131, 1709, 2800, 3044, 3499, 585, 1710, 1580,
                          452, 2740, 3127, 3549, 1704, 750, 3112, 1711, 595, 1064, 556, 1065,
                          727, 2288, 1399, 3741, 2031, 2065, 724, 326, 52, 953
  Coordinates...........: (3.16188e+08,4.03676e+08)
  Semiminor axis........: 9979.28
  Semimajor axis........: 49896.42
  Angle (degrees).......: -84.00
  Shape.................: 5.00
  Time frame............: 2011-10-7_23 to 2011-10-8_5
  Number of cases.......: 24103
  Expected cases........: 8860.66
  Observed / expected...: 2.72
  Test statistic........: 8883.853102

3.Location IDs included.: 602, 601, 417, 2686, 62, 942, 2639, 3267, 426, 939, 3287, 2640, 3269,
                          600, 712, 3288, 219, 2881, 3289, 3286, 1431, 101, 60, 788, 2690, 289,
                          789, 1429, 1953, 2638, 3265, 54, 801, 803, 2207, 2523, 1811, 599,
                          221, 1810, 1427, 1812, 1448, 634, 2637, 603, 2475, 1809, 525, 790,
                          3652, 1265, 1813, 1808, 64, 799, 1449, 3270, 2692, 1807, 276, 3277,
                          665, 3798, 2636, 3654, 2684, 13, 57, 749, 75, 791, 3797, 596, 3780,
                          2037, 604, 3651, 1120, 798, 1906, 792, 1585, 1433, 3284, 748, 3290,
                          3268, 3655, 275, 2634, 1558, 794, 746, 1905, 3779, 793, 699, 2007,
                          3417, 1814, 447, 3266, 66, 3796, 3042, 698, 2743, 796, 2695, 700,
                          2960, 1447, 3649, 277, 3638, 797, 514, 2090, 702, 543, 2087, 3721,
                          2683, 98, 3128, 2742, 3131, 1709, 2800, 3044, 3499, 585, 1710, 1580,
                          452, 2740, 3127, 3549, 1704, 750, 3112, 1711, 595, 1064, 556, 1065,
                          727, 2288, 1399, 3741, 2031, 2065, 724, 326, 52, 953
  Coordinates...........: (3.16188e+08,4.03676e+08)
  Semiminor axis........: 9979.28
  Semimajor axis........: 49896.42
  Angle (degrees).......: -84.00
  Shape.................: 5.00
  Time frame............: 2011-10-8_21 to 2011-10-9_5
  Number of cases.......: 32188
  Expected cases........: 13778.85
  Observed / expected...: 2.34
  Test statistic........: 8909.749709

4.Location IDs included.: 602, 601, 417, 2686, 62, 942, 2639, 3267, 426, 939, 3287, 2640, 3269,
                          600, 712, 3288, 219, 2881, 3289, 3286, 1431, 101, 60, 788, 2690, 289,
                          789, 1429, 1953, 2638, 3265, 54, 801, 803, 2207, 2523, 1811, 599,
                          221, 1810, 1427, 1812, 1448, 634, 2637, 603, 2475, 1809, 525, 790,
                          3652, 1265, 1813, 1808, 64, 799, 1449, 3270, 2692, 1807, 276, 3277,
                          665, 3798, 2636, 3654, 2684, 13, 57, 749, 75, 791, 3797, 596, 3780,
                          2037, 604, 3651, 1120, 798, 1906, 792, 1585, 1433, 3284, 748, 3290,
                          3268, 3655, 275, 2634, 1558, 794, 746, 1905, 3779, 793, 699, 2007,
                          3417, 1814, 447, 3266, 66, 3796, 3042, 698, 2743, 796, 2695, 700,
                          2960, 1447, 3649, 277, 3638, 797, 514, 2090, 702, 543, 2087, 3721,
                          2683, 98, 3128, 2742, 3131, 1709, 2800, 3044, 3499, 585, 1710, 1580,
                          452, 2740, 3127, 3549, 1704, 750, 3112, 1711, 595, 1064, 556, 1065,
                          727, 2288, 1399, 3741, 2031, 2065, 724, 326, 52, 953
  Coordinates...........: (3.16188e+08,4.03676e+08)
  Semiminor axis........: 9979.28
  Semimajor axis........: 49896.42
  Angle (degrees).......: -84.00
  Shape.................: 5.00
  Time frame............: 2011-10-14_22 to 2011-10-15_5
  Number of cases.......: 28328
  Expected cases........: 11292.57
  Observed / expected...: 2.51
  Test statistic........: 9025.456001

5.Location IDs included.: 602, 601, 417, 2686, 62, 942, 2639, 3267, 426, 939, 3287, 2640, 3269,
                          600, 712, 3288, 219, 2881, 3289, 3286, 1431, 101, 60, 788, 2690, 289,
                          789, 1429, 1953, 2638, 3265, 54, 801, 803, 2207, 2523, 1811, 599,
                          221, 1810, 1427, 1812, 1448, 634, 2637, 603, 2475, 1809, 525, 790,
                          3652, 1265, 1813, 1808, 64, 799, 1449, 3270, 2692, 1807, 276, 3277,
                          665, 3798, 2636, 3654, 2684, 13, 57, 749, 75, 791, 3797, 596, 3780,
                          2037, 604, 3651, 1120, 798, 1906, 792, 1585, 1433, 3284, 748, 3290,
                          3268, 3655, 275, 2634, 1558, 794, 746, 1905, 3779, 793, 699, 2007,
                          3417, 1814, 447, 3266, 66, 3796, 3042, 698, 2743, 796, 2695, 700,
                          2960, 1447, 3649, 277, 3638, 797, 514, 2090, 702, 543, 2087, 3721,
                          2683, 98, 3128, 2742, 3131, 1709, 2800, 3044, 3499, 585, 1710, 1580,
                          452, 2740, 3127, 3549, 1704, 750, 3112, 1711, 595, 1064, 556, 1065,
                          727, 2288, 1399, 3741, 2031, 2065, 724, 326, 52, 953
  Coordinates...........: (3.16188e+08,4.03676e+08)
  Semiminor axis........: 9979.28
  Semimajor axis........: 49896.42
  Angle (degrees).......: -84.00
  Shape.................: 5.00
  Time frame............: 2011-10-15_20 to 2011-10-16_6
  Number of cases.......: 34666
  Expected cases........: 15803.08
  Observed / expected...: 2.19
  Test statistic........: 8378.272271

6.Location IDs included.: 602, 601, 417, 2686, 62, 942, 2639, 3267, 426, 939, 3287, 2640, 3269,
                          600, 712, 3288, 219, 2881, 3289, 3286, 1431, 101, 60, 788, 2690, 289,
                          789, 1429, 1953, 2638, 3265, 54, 801, 803, 2207, 2523, 1811, 599,
                          221, 1810, 1427, 1812, 1448, 634, 2637, 603, 2475, 1809, 525, 790,
                          3652, 1265, 1813, 1808, 64, 799, 1449, 3270, 2692, 1807, 276, 3277,
                          665, 3798, 2636, 3654, 2684, 13, 57, 749, 75, 791, 3797, 596, 3780,
                          2037, 604, 3651, 1120, 798, 1906, 792, 1585, 1433, 3284, 748, 3290,
                          3268, 3655, 275, 2634, 1558, 794, 746, 1905, 3779, 793, 699, 2007,
                          3417, 1814, 447, 3266, 66, 3796, 3042, 698, 2743, 796, 2695, 700,
                          2960, 1447, 3649, 277, 3638, 797, 514, 2090, 702, 543, 2087, 3721,
                          2683, 98, 3128, 2742, 3131, 1709, 2800, 3044, 3499, 585, 1710, 1580,
                          452, 2740, 3127, 3549, 1704, 750, 3112, 1711, 595, 1064, 556, 1065,
                          727, 2288, 1399, 3741, 2031, 2065, 724, 326, 52, 953
  Coordinates...........: (3.16188e+08,4.03676e+08)
  Semiminor axis........: 9979.28
  Semimajor axis........: 49896.42
  Angle (degrees).......: -84.00
  Shape.................: 5.00
  Time frame............: 2011-10-21_21 to 2011-10-22_5
  Number of cases.......: 29775
  Expected cases........: 12611.56
  Observed / expected...: 2.36
  Test statistic........: 8422.516353

7.Location IDs included.: 602, 601, 417, 2686, 62, 942, 2639, 3267, 426, 939, 3287, 2640, 3269,
                          600, 712, 3288, 219, 2881, 3289, 3286, 1431, 101, 60, 788, 2690, 289,
                          789, 1429, 1953, 2638, 3265, 54, 801, 803, 2207, 2523, 1811, 599,
                          221, 1810, 1427, 1812, 1448, 634, 2637, 603, 2475, 1809, 525, 790,
                          3652, 1265, 1813, 1808, 64, 799, 1449, 3270, 2692, 1807, 276, 3277,
                          665, 3798, 2636, 3654, 2684, 13, 57, 749, 75, 791, 3797, 596, 3780,
                          2037, 604, 3651, 1120, 798, 1906, 792, 1585, 1433, 3284, 748, 3290,
                          3268, 3655, 275, 2634, 1558, 794, 746, 1905, 3779, 793, 699, 2007,
                          3417, 1814, 447, 3266, 66, 3796, 3042, 698, 2743, 796, 2695, 700,
                          2960, 1447, 3649, 277, 3638, 797, 514, 2090, 702, 543, 2087, 3721,
                          2683, 98, 3128, 2742, 3131, 1709, 2800, 3044, 3499, 585, 1710, 1580,
                          452, 2740, 3127, 3549, 1704, 750, 3112, 1711, 595, 1064, 556, 1065,
                          727, 2288, 1399, 3741, 2031, 2065, 724, 326, 52, 953
  Coordinates...........: (3.16188e+08,4.03676e+08)
  Semiminor axis........: 9979.28
  Semimajor axis........: 49896.42
  Angle (degrees).......: -84.00
  Shape.................: 5.00
  Time frame............: 2011-10-22_20 to 2011-10-23_5
  Number of cases.......: 33416
  Expected cases........: 14740.68
  Observed / expected...: 2.27
  Test statistic........: 8682.116874

8.Location IDs included.: 602, 601, 417, 2686, 62, 942, 2639, 3267, 426, 939, 3287, 2640, 3269,
                          600, 712, 3288, 219, 2881, 3289, 3286, 1431, 101, 60, 788, 2690, 289,
                          789, 1429, 1953, 2638, 3265, 54, 801, 803, 2207, 2523, 1811, 599,
                          221, 1810, 1427, 1812, 1448, 634, 2637, 603, 2475, 1809, 525, 790,
                          3652, 1265, 1813, 1808, 64, 799, 1449, 3270, 2692, 1807, 276, 3277,
                          665, 3798, 2636, 3654, 2684, 13, 57, 749, 75, 791, 3797, 596, 3780,
                          2037, 604, 3651, 1120, 798, 1906, 792, 1585, 1433, 3284, 748, 3290,
                          3268, 3655, 275, 2634, 1558, 794, 746, 1905, 3779, 793, 699, 2007,
                          3417, 1814, 447, 3266, 66, 3796, 3042, 698, 2743, 796, 2695, 700,
                          2960, 1447, 3649, 277, 3638, 797, 514, 2090, 702, 543, 2087, 3721,
                          2683, 98, 3128, 2742, 3131, 1709, 2800, 3044, 3499, 585, 1710, 1580,
                          452, 2740, 3127, 3549, 1704, 750, 3112, 1711, 595, 1064, 556, 1065,
                          727, 2288, 1399, 3741, 2031, 2065, 724, 326, 52, 953
  Coordinates...........: (3.16188e+08,4.03676e+08)
  Semiminor axis........: 9979.28
  Semimajor axis........: 49896.42
  Angle (degrees).......: -84.00
  Shape.................: 5.00
  Time frame............: 2011-10-28_21 to 2011-10-29_5
  Number of cases.......: 30069
  Expected cases........: 12749.06
  Observed / expected...: 2.36
  Test statistic........: 8488.115604

9.Location IDs included.: 2620, 2618, 2621, 431, 3464, 2688, 1988, 2746, 2616, 3190, 2613,
                          2624, 487, 2625, 2612, 689, 1392, 3198, 2611, 1169, 1185, 1179, 1184,
                          1199, 2323, 2094, 3476, 1353, 3463, 654, 3173, 2627, 430, 1190, 1188,
                          2082, 1486, 357, 2081, 1207, 966, 432, 3249, 3744, 1786, 1327, 2745,
                          2747, 3465, 1174, 2654, 3452, 3074, 637, 3191, 3189, 1989, 2744,
                          2055, 1193, 1075, 3254, 1073, 2402, 3033, 1391, 1333, 2609, 1173,
                          1204, 3032, 136, 3347, 1314, 3296, 3533, 422, 688, 3758, 3199, 427,
                          3720, 3375, 1166, 3831, 2095, 1203, 2042, 3197, 1081, 1393, 1959,
                          1679, 3868, 1164, 1205, 1080, 2655, 1780, 3760, 292, 1168, 2607,
                          1145, 3530, 3572, 2653, 2092, 769, 3187, 1515, 423, 3352, 3519, 1214,
                          2606, 2772, 3434, 3439, 1158, 1559, 299, 421, 133, 742, 2605, 1973,
                          2039, 1560
  Coordinates...........: (3.16243e+08,4.03506e+08)
  Semiminor axis........: 9963.03
  Semimajor axis........: 49815.17
  Angle (degrees).......: -60.00
  Shape.................: 5.00
  Time frame............: 2011-10-29_19 to 2011-10-30_7
  Number of cases.......: 11127
  Expected cases........: 30870.66
  Observed / expected...: 0.36
  Test statistic........: 8399.386738

10.Location IDs included.: 602, 601, 417, 2686, 62, 942, 2639, 3267, 426, 939, 3287, 2640, 3269,
                          600, 712, 3288, 219, 2881, 3289, 3286, 1431, 101, 60, 788, 2690, 289,
                          789, 1429, 1953, 2638, 3265, 54, 801, 803, 2207, 2523, 1811, 599,
                          221, 1810, 1427, 1812, 1448, 634, 2637, 603, 2475, 1809, 525, 790,
                          3652, 1265, 1813, 1808, 64, 799, 1449, 3270, 2692, 1807, 276, 3277,
                          665, 3798, 2636, 3654, 2684, 13, 57, 749, 75, 791, 3797, 596, 3780,
                          2037, 604, 3651, 1120, 798, 1906, 792, 1585, 1433, 3284, 748, 3290,
                          3268, 3655, 275, 2634, 1558, 794, 746, 1905, 3779, 793, 699, 2007,
                          3417, 1814, 447, 3266, 66, 3796, 3042, 698, 2743, 796, 2695, 700,
                          2960, 1447, 3649, 277, 3638, 797, 514, 2090, 702, 543, 2087, 3721,
                          2683, 98, 3128, 2742, 3131, 1709, 2800, 3044, 3499, 585, 1710, 1580,
                          452, 2740, 3127, 3549, 1704, 750, 3112, 1711, 595, 1064, 556, 1065,
                          727, 2288, 1399, 3741, 2031, 2065, 724, 326, 52, 953
  Coordinates...........: (3.16188e+08,4.03676e+08)
  Semiminor axis........: 9979.28
  Semimajor axis........: 49896.42
  Angle (degrees).......: -84.00
  Shape.................: 5.00
  Time frame............: 2011-10-1_0 to 2011-10-1_5
  Number of cases.......: 17229
  Expected cases........: 5812.24
  Observed / expected...: 2.96
  Test statistic........: 7308.111142

Processor :