                                 _____________________________

                                        SaTScan v9.4.2
                                 _____________________________


Program run on: Sun Aug 28 19:40:57 2016

Retrospective Space-Time analysis
scanning for clusters with low rates
using the Space-Time Permutation model.
_______________________________________________________________________________________________

SUMMARY OF DATA

Study period.......................: 0 to 743
Number of locations................: 3874
Total number of cases..............: 19770716
_______________________________________________________________________________________________
1.Location IDs included.: 2620, 2618, 2621, 431, 3464, 2688, 1988, 2746, 2616, 3190, 2613,
                          2624, 487, 2625, 2612, 689, 1392, 3198, 2611, 1169, 1185, 1179, 1184,
                          1199, 2323, 2094, 3476, 1353, 3463, 654, 3173, 2627, 430, 1190, 1188,
                          2082, 1486, 357, 2081, 1207, 966, 432, 3249, 3744, 1786, 1327, 2745,
                          2747, 3465, 1174, 2654, 3452, 3074, 637, 3191, 3189, 1989, 2744,
                          2055, 1193, 1075, 3254, 1073, 2402, 3033, 1391, 1333, 2609, 1173,
                          1204, 3032, 136, 3347, 1314, 3296, 3533, 422, 688, 3758, 3199, 427,
                          3720, 3375, 1166, 3831, 2095, 1203, 2042, 3197, 1081, 1393, 1959,
                          1679, 3868, 1164, 1205, 1080, 2655, 1780, 3760, 292, 1168, 2607,
                          1145, 3530, 3572, 2653, 2092, 769, 3187, 1515, 423, 3352, 3519, 1214,
                          2606, 2772, 3434, 3439, 1158, 1559, 299, 421, 133, 742, 2605, 1973,
                          2039, 1560
  Coordinates...........: (3.16243e+08,4.03506e+08)
  Semiminor axis........: 9963.03
  Semimajor axis........: 49815.17
  Angle (degrees).......: -60.00
  Shape.................: 5.00
  Time frame............: 2011-10-29_22 to 2011-10-30_4
  Number of cases.......: 5581
  Expected cases........: 18590.99
  Observed / expected...: 0.30
  Test statistic........: 6298.655621

2.Location IDs included.: 2620, 2618, 2621, 431, 3464, 2688, 1988, 2746, 2616, 3190, 2613,
                          2624, 487, 2625, 2612, 689, 1392, 3198, 2611, 1169, 1185, 1179, 1184,
                          1199, 2323, 2094, 3476, 1353, 3463, 654, 3173, 2627, 430, 1190, 1188,
                          2082, 1486, 357, 2081, 1207, 966, 432, 3249, 3744, 1786, 1327, 2745,
                          2747, 3465, 1174, 2654, 3452, 3074, 637, 3191, 3189, 1989, 2744,
                          2055, 1193, 1075, 3254, 1073, 2402, 3033, 1391, 1333, 2609, 1173,
                          1204, 3032, 136, 3347, 1314, 3296, 3533, 422, 688, 3758, 3199, 427,
                          3720, 3375, 1166, 3831, 2095, 1203, 2042, 3197, 1081, 1393, 1959,
                          1679, 3868, 1164, 1205, 1080, 2655, 1780, 3760, 292, 1168, 2607,
                          1145, 3530, 3572, 2653, 2092, 769, 3187, 1515, 423, 3352, 3519, 1214,
                          2606, 2772, 3434, 3439, 1158, 1559, 299, 421, 133, 742, 2605, 1973,
                          2039, 1560
  Coordinates...........: (3.16243e+08,4.03506e+08)
  Semiminor axis........: 9963.03
  Semimajor axis........: 49815.17
  Angle (degrees).......: -60.00
  Shape.................: 5.00
  Time frame............: 2011-10-8_22 to 2011-10-9_4
  Number of cases.......: 6308
  Expected cases........: 18476.59
  Observed / expected...: 0.34
  Test statistic........: 5393.263573

3.Location IDs included.: 2621, 2620, 431, 2618, 2688, 2746, 3464, 3190, 1988, 2624, 2616,
                          2625, 2613, 689, 487, 3198, 2612, 2627, 1392, 1179, 1169, 1199, 1185,
                          3476, 1184, 1353, 654, 1190, 2094, 430, 3463, 2654, 2323, 357, 1207,
                          2611, 3173, 2745, 1188, 3452, 432, 1486, 1786, 966, 3249, 2747, 3189,
                          1327, 3191, 2081, 2402, 3744, 1193, 2082, 1075, 3465, 1073, 3074,
                          1174, 1204, 3033, 1989, 3032, 2744, 422, 136, 637, 3254, 2055, 3533,
                          688, 3199, 1333, 1391, 1173, 1203, 3197, 2609, 3720, 3868, 1081,
                          3347, 1314, 3831, 2095, 3296, 1205, 1080, 2655, 427, 3375, 3758,
                          1145, 1166, 3572, 2653, 3530, 1393, 2042, 1959, 1164, 1679, 2772,
                          1780, 3519, 423, 1214, 292, 3760, 1168, 2092, 299, 2607, 133, 421,
                          742, 3187, 769, 1515, 3352, 1146, 1212, 974, 2606, 2630, 3434, 3439,
                          1559, 1158
  Coordinates...........: (3.16244e+08,4.03504e+08)
  Semiminor axis........: 9971.97
  Semimajor axis........: 49859.86
  Angle (degrees).......: -60.00
  Shape.................: 5.00
  Time frame............: 2011-10-1_22 to 2011-10-2_4
  Number of cases.......: 6094
  Expected cases........: 18070.02
  Observed / expected...: 0.34
  Test statistic........: 5355.819822

4.Location IDs included.: 2621, 2620, 431, 2618, 2688, 2746, 3464, 3190, 1988, 2624, 2616,
                          2625, 2613, 689, 487, 3198, 2612, 2627, 1392, 1179, 1169, 1199, 1185,
                          3476, 1184, 1353, 654, 1190, 2094, 430, 3463, 2654, 2323, 357, 1207,
                          2611, 3173, 2745, 1188, 3452, 432, 1486, 1786, 966, 3249, 2747, 3189,
                          1327, 3191, 2081, 2402, 3744, 1193, 2082, 1075, 3465, 1073, 3074,
                          1174, 1204, 3033, 1989, 3032, 2744, 422, 136, 637, 3254, 2055, 3533,
                          688, 3199, 1333, 1391, 1173, 1203, 3197, 2609, 3720, 3868, 1081,
                          3347, 1314, 3831, 2095, 3296, 1205, 1080, 2655, 427, 3375, 3758,
                          1145, 1166, 3572, 2653, 3530, 1393, 2042, 1959, 1164, 1679, 2772,
                          1780, 3519, 423, 1214, 292, 3760, 1168, 2092, 299, 2607, 133, 421,
                          742, 3187, 769, 1515, 3352, 1146, 1212, 974, 2606, 2630, 3434, 3439,
                          1559, 1158
  Coordinates...........: (3.16244e+08,4.03504e+08)
  Semiminor axis........: 9971.97
  Semimajor axis........: 49859.86
  Angle (degrees).......: -60.00
  Shape.................: 5.00
  Time frame............: 2011-10-22_22 to 2011-10-23_4
  Number of cases.......: 6768
  Expected cases........: 18734.46
  Observed / expected...: 0.36
  Test statistic........: 5079.218428

5.Location IDs included.: 2620, 2618, 2621, 431, 3464, 2688, 1988, 2746, 2616, 3190, 2613,
                          2624, 487, 2625, 2612, 689, 1392, 3198, 2611, 1169, 1185, 1179, 1184,
                          1199, 2323, 2094, 3476, 1353, 3463, 654, 3173, 2627, 430, 1190, 1188,
                          2082, 1486, 357, 2081, 1207, 966, 432, 3249, 3744, 1786, 1327, 2745,
                          2747, 3465, 1174, 2654, 3452, 3074, 637, 3191, 3189, 1989, 2744,
                          2055, 1193, 1075, 3254, 1073, 2402, 3033, 1391, 1333, 2609, 1173,
                          1204, 3032, 136, 3347, 1314, 3296, 3533, 422, 688, 3758, 3199, 427,
                          3720, 3375, 1166, 3831, 2095, 1203, 2042, 3197, 1081, 1393, 1959,
                          1679, 3868, 1164, 1205, 1080, 2655, 1780, 3760, 292, 1168, 2607,
                          1145, 3530, 3572, 2653, 2092, 769, 3187, 1515, 423, 3352, 3519, 1214,
                          2606, 2772, 3434, 3439, 1158, 1559, 299, 421, 133, 742, 2605, 1973,
                          2039, 1560
  Coordinates...........: (3.16243e+08,4.03506e+08)
  Semiminor axis........: 9963.03
  Semimajor axis........: 49815.17
  Angle (degrees).......: -60.00
  Shape.................: 5.00
  Time frame............: 2011-10-15_22 to 2011-10-16_4
  Number of cases.......: 7142
  Expected cases........: 19373.14
  Observed / expected...: 0.37
  Test statistic........: 5107.996631

6.Location IDs included.: 2620, 2618, 2621, 431, 3464, 2688, 1988, 2746, 2616, 3190, 2613,
                          2624, 487, 2625, 2612, 689, 1392, 3198, 2611, 1169, 1185, 1179, 1184,
                          1199, 2323, 2094, 3476, 1353, 3463, 654, 3173, 2627, 430, 1190, 1188,
                          2082, 1486, 357, 2081, 1207, 966, 432, 3249, 3744, 1786, 1327, 2745,
                          2747, 3465, 1174, 2654, 3452, 3074, 637, 3191, 3189, 1989, 2744,
                          2055, 1193, 1075, 3254, 1073, 2402, 3033, 1391, 1333, 2609, 1173,
                          1204, 3032, 136, 3347, 1314, 3296, 3533, 422, 688, 3758, 3199, 427,
                          3720, 3375, 1166, 3831, 2095, 1203, 2042, 3197, 1081, 1393, 1959,
                          1679, 3868, 1164, 1205, 1080, 2655, 1780, 3760, 292, 1168, 2607,
                          1145, 3530, 3572, 2653, 2092, 769, 3187, 1515, 423, 3352, 3519, 1214,
                          2606, 2772, 3434, 3439, 1158, 1559, 299, 421, 133, 742, 2605, 1973,
                          2039, 1560
  Coordinates...........: (3.16243e+08,4.03506e+08)
  Semiminor axis........: 9963.03
  Semimajor axis........: 49815.17
  Angle (degrees).......: -60.00
  Shape.................: 5.00
  Time frame............: 2011-10-7_23 to 2011-10-8_5
  Number of cases.......: 4039
  Expected cases........: 14321.87
  Observed / expected...: 0.28
  Test statistic........: 5173.040529

7.Location IDs included.: 2621, 2620, 431, 2618, 2688, 2746, 3464, 3190, 1988, 2624, 2616,
                          2625, 2613, 689, 487, 3198, 2612, 2627, 1392, 1179, 1169, 1199, 1185,
                          3476, 1184, 1353, 654, 1190, 2094, 430, 3463, 2654, 2323, 357, 1207,
                          2611, 3173, 2745, 1188, 3452, 432, 1486, 1786, 966, 3249, 2747, 3189,
                          1327, 3191, 2081, 2402, 3744, 1193, 2082, 1075, 3465, 1073, 3074,
                          1174, 1204, 3033, 1989, 3032, 2744, 422, 136, 637, 3254, 2055, 3533,
                          688, 3199, 1333, 1391, 1173, 1203, 3197, 2609, 3720, 3868, 1081,
                          3347, 1314, 3831, 2095, 3296, 1205, 1080, 2655, 427, 3375, 3758,
                          1145, 1166, 3572, 2653, 3530, 1393, 2042, 1959, 1164, 1679, 2772,
                          1780, 3519, 423, 1214, 292, 3760, 1168, 2092, 299, 2607, 133, 421,
                          742, 3187, 769, 1515, 3352, 1146, 1212, 974, 2606, 2630, 3434, 3439,
                          1559, 1158
  Coordinates...........: (3.16244e+08,4.03504e+08)
  Semiminor axis........: 9971.97
  Semimajor axis........: 49859.86
  Angle (degrees).......: -60.00
  Shape.................: 5.00
  Time frame............: 2011-10-28_22 to 2011-10-29_4
  Number of cases.......: 7174
  Expected cases........: 19057.13
  Observed / expected...: 0.38
  Test statistic........: 4877.892641

8.Location IDs included.: 2620, 2618, 2621, 431, 3464, 2688, 1988, 2746, 2616, 3190, 2613,
                          2624, 487, 2625, 2612, 689, 1392, 3198, 2611, 1169, 1185, 1179, 1184,
                          1199, 2323, 2094, 3476, 1353, 3463, 654, 3173, 2627, 430, 1190, 1188,
                          2082, 1486, 357, 2081, 1207, 966, 432, 3249, 3744, 1786, 1327, 2745,
                          2747, 3465, 1174, 2654, 3452, 3074, 637, 3191, 3189, 1989, 2744,
                          2055, 1193, 1075, 3254, 1073, 2402, 3033, 1391, 1333, 2609, 1173,
                          1204, 3032, 136, 3347, 1314, 3296, 3533, 422, 688, 3758, 3199, 427,
                          3720, 3375, 1166, 3831, 2095, 1203, 2042, 3197, 1081, 1393, 1959,
                          1679, 3868, 1164, 1205, 1080, 2655, 1780, 3760, 292, 1168, 2607,
                          1145, 3530, 3572, 2653, 2092, 769, 3187, 1515, 423, 3352, 3519, 1214,
                          2606, 2772, 3434, 3439, 1158, 1559, 299, 421, 133, 742, 2605, 1973,
                          2039, 1560
  Coordinates...........: (3.16243e+08,4.03506e+08)
  Semiminor axis........: 9963.03
  Semimajor axis........: 49815.17
  Angle (degrees).......: -60.00
  Shape.................: 5.00
  Time frame............: 2011-10-14_22 to 2011-10-15_4
  Number of cases.......: 7303
  Expected cases........: 18694.79
  Observed / expected...: 0.39
  Test statistic........: 4530.576477

9.Location IDs included.: 2620, 2618, 2621, 431, 3464, 2688, 1988, 2746, 2616, 3190, 2613,
                          2624, 487, 2625, 2612, 689, 1392, 3198, 2611, 1169, 1185, 1179, 1184,
                          1199, 2323, 2094, 3476, 1353, 3463, 654, 3173, 2627, 430, 1190, 1188,
                          2082, 1486, 357, 2081, 1207, 966, 432, 3249, 3744, 1786, 1327, 2745,
                          2747, 3465, 1174, 2654, 3452, 3074, 637, 3191, 3189, 1989, 2744,
                          2055, 1193, 1075, 3254, 1073, 2402, 3033, 1391, 1333, 2609, 1173,
                          1204, 3032, 136, 3347, 1314, 3296, 3533, 422, 688, 3758, 3199, 427,
                          3720, 3375, 1166, 3831, 2095, 1203, 2042, 3197, 1081, 1393, 1959,
                          1679, 3868, 1164, 1205, 1080, 2655, 1780, 3760, 292, 1168, 2607,
                          1145, 3530, 3572, 2653, 2092, 769, 3187, 1515, 423, 3352, 3519, 1214,
                          2606, 2772, 3434, 3439, 1158, 1559, 299, 421, 133, 742, 2605, 1973,
                          2039, 1560
  Coordinates...........: (3.16243e+08,4.03506e+08)
  Semiminor axis........: 9963.03
  Semimajor axis........: 49815.17
  Angle (degrees).......: -60.00
  Shape.................: 5.00
  Time frame............: 2011-10-21_23 to 2011-10-22_5
  Number of cases.......: 5377
  Expected cases........: 15464.15
  Observed / expected...: 0.35
  Test statistic........: 4409.515323

10.Location IDs included.: 2621, 2620, 431, 2618, 2688, 2746, 3464, 3190, 1988, 2624, 2616,
                          2625, 2613, 689, 487, 3198, 2612, 2627, 1392, 1179, 1169, 1199, 1185,
                          3476, 1184, 1353, 654, 1190, 2094, 430, 3463, 2654, 2323, 357, 1207,
                          2611, 3173, 2745, 1188, 3452, 432, 1486, 1786, 966, 3249, 2747, 3189,
                          1327, 3191, 2081, 2402, 3744, 1193, 2082, 1075, 3465, 1073, 3074,
                          1174, 1204, 3033, 1989, 3032, 2744, 422, 136, 637, 3254, 2055, 3533,
                          688, 3199, 1333, 1391, 1173, 1203, 3197, 2609, 3720, 3868, 1081,
                          3347, 1314, 3831, 2095, 3296, 1205, 1080, 2655, 427, 3375, 3758,
                          1145, 1166, 3572, 2653, 3530, 1393, 2042, 1959, 1164, 1679, 2772,
                          1780, 3519, 423, 1214, 292, 3760, 1168, 2092, 299, 2607, 133, 421,
                          742, 3187, 769, 1515, 3352, 1146, 1212, 974, 2606, 2630, 3434, 3439,
                          1559, 1158
  Coordinates...........: (3.16244e+08,4.03504e+08)
  Semiminor axis........: 9971.97
  Semimajor axis........: 49859.86
  Angle (degrees).......: -60.00
  Shape.................: 5.00
  Time frame............: 2011-10-1_0 to 2011-10-1_6
  Number of cases.......: 3021
  Expected cases........: 11460.99
  Observed / expected...: 0.26
  Test statistic........: 4413.718838

Processor :