                                 _____________________________

                                        SaTScan v9.4.2
                                 _____________________________


Program run on: Sun Aug 28 18:00:26 2016

Retrospective Space-Time analysis
scanning for clusters with high or low rates
using the Space-Time Permutation model.
_______________________________________________________________________________________________

SUMMARY OF DATA

Study period.......................: 0 to 743
Number of locations................: 3874
Total number of cases..............: 19215205
_______________________________________________________________________________________________
1.Location IDs included.: 602, 601, 417, 2686, 62, 942, 2639, 3267, 426, 939, 3287, 2640, 3269,
                          600, 712, 3288, 219, 2881, 3289, 3286, 1431, 101, 60, 788, 2690, 289,
                          789, 1429, 1953, 2638, 3265, 54, 801, 803, 2207, 2523, 1811, 599,
                          221, 1810, 1427, 1812, 1448, 634, 2637, 603, 2475, 1809, 525, 790,
                          3652, 1265, 1813, 1808, 64, 799, 1449, 3270, 2692, 1807, 276, 3277,
                          665, 3798, 2636, 3654, 2684, 13, 57, 749, 75, 791, 3797, 596, 3780,
                          2037, 604, 3651, 1120, 798, 1906, 792, 1585, 1433, 3284, 748, 3290,
                          3268, 3655, 275, 2634, 1558, 794, 746, 1905, 3779, 793, 699, 2007,
                          3417, 1814, 447, 3266, 66, 3796, 3042, 698, 2743, 796, 2695, 700,
                          2960, 1447, 3649, 277, 3638, 797, 514, 2090, 702, 543, 2087, 3721,
                          2683, 98, 3128, 2742, 3131, 1709, 2800, 3044, 3499, 585, 1710, 1580,
                          452, 2740, 3127, 3549, 1704, 750, 3112, 1711, 595, 1064, 556, 1065,
                          727, 2288, 1399, 3741, 2031, 2065, 724, 326, 52, 953
  Coordinates...........: (3.16188e+08,4.03676e+08)
  Semiminor axis........: 9979.28
  Semimajor axis........: 49896.42
  Angle (degrees).......: -84.00
  Shape.................: 5.00
  Time frame............: 2011-10-7_23 to 2011-10-8_5
  Number of cases.......: 24103
  Expected cases........: 9033.47
  Observed / expected...: 2.67
  Test statistic........: 8590.965975

2.Location IDs included.: 2640, 3267, 2639, 2881, 3269, 602, 601, 788, 1811, 101, 1953, 1812,
                          600, 2207, 417, 942, 712, 62, 2686, 1813, 426, 289, 939, 1810, 634,
                          3287, 3265, 3798, 3288, 2690, 60, 3286, 3289, 1265, 1809, 599, 219,
                          1431, 2638, 525, 665, 54, 3780, 1808, 1906, 789, 3797, 603, 1807,
                          3270, 1429, 801, 2037, 221, 2475, 1814, 3417, 3042, 2637, 2523, 803,
                          1905, 1120, 796, 3277, 64, 3779, 3638, 2692, 3796, 1427, 2800, 1448,
                          1433, 790, 2743, 3044, 2960, 596, 2684, 3652, 799, 514, 57, 3131,
                          556, 2636, 1449, 3721, 75, 604, 3128, 276, 2742, 3654, 3284, 1709,
                          1447, 1815, 13, 3127, 1439, 1064, 1065, 2007, 3499, 791, 3290, 2740,
                          66, 52, 2288, 749, 452, 2695, 3133, 3833, 2500, 1710, 3041, 3112,
                          3655, 798, 1704, 495, 3153, 792, 3651, 2634, 1711, 543, 3154, 1585,
                          727, 2499, 2797, 2683, 3741, 748, 1816, 953, 3834, 793, 794, 595,
                          1558, 724, 275, 1399, 3799, 3268, 3593, 277, 98
  Coordinates...........: (3.16189e+08,4.03666e+08)
  Semiminor axis........: 9826.33
  Semimajor axis........: 49131.66
  Angle (degrees).......: -84.00
  Shape.................: 5.00
  Time frame............: 2011-10-1_22 to 2011-10-2_4
  Number of cases.......: 30863
  Expected cases........: 13232.26
  Observed / expected...: 2.33
  Test statistic........: 8515.114708

3.Location IDs included.: 602, 601, 417, 2686, 62, 942, 2639, 3267, 426, 939, 3287, 2640, 3269,
                          600, 712, 3288, 219, 2881, 3289, 3286, 1431, 101, 60, 788, 2690, 289,
                          789, 1429, 1953, 2638, 3265, 54, 801, 803, 2207, 2523, 1811, 599,
                          221, 1810, 1427, 1812, 1448, 634, 2637, 603, 2475, 1809, 525, 790,
                          3652, 1265, 1813, 1808, 64, 799, 1449, 3270, 2692, 1807, 276, 3277,
                          665, 3798, 2636, 3654, 2684, 13, 57, 749, 75, 791, 3797, 596, 3780,
                          2037, 604, 3651, 1120, 798, 1906, 792, 1585, 1433, 3284, 748, 3290,
                          3268, 3655, 275, 2634, 1558, 794, 746, 1905, 3779, 793, 699, 2007,
                          3417, 1814, 447, 3266, 66, 3796, 3042, 698, 2743, 796, 2695, 700,
                          2960, 1447, 3649, 277, 3638, 797, 514, 2090, 702, 543, 2087, 3721,
                          2683, 98, 3128, 2742, 3131, 1709, 2800, 3044, 3499, 585, 1710, 1580,
                          452, 2740, 3127, 3549, 1704, 750, 3112, 1711, 595, 1064, 556, 1065,
                          727, 2288, 1399, 3741, 2031, 2065, 724, 326, 52, 953
  Coordinates...........: (3.16188e+08,4.03676e+08)
  Semiminor axis........: 9979.28
  Semimajor axis........: 49896.42
  Angle (degrees).......: -84.00
  Shape.................: 5.00
  Time frame............: 2011-10-8_22 to 2011-10-9_4
  Number of cases.......: 28545
  Expected cases........: 11611.40
  Observed / expected...: 2.46
  Test statistic........: 8749.828737

4.Location IDs included.: 602, 601, 417, 2686, 62, 942, 2639, 3267, 426, 939, 3287, 2640, 3269,
                          600, 712, 3288, 219, 2881, 3289, 3286, 1431, 101, 60, 788, 2690, 289,
                          789, 1429, 1953, 2638, 3265, 54, 801, 803, 2207, 2523, 1811, 599,
                          221, 1810, 1427, 1812, 1448, 634, 2637, 603, 2475, 1809, 525, 790,
                          3652, 1265, 1813, 1808, 64, 799, 1449, 3270, 2692, 1807, 276, 3277,
                          665, 3798, 2636, 3654, 2684, 13, 57, 749, 75, 791, 3797, 596, 3780,
                          2037, 604, 3651, 1120, 798, 1906, 792, 1585, 1433, 3284, 748, 3290,
                          3268, 3655, 275, 2634, 1558, 794, 746, 1905, 3779, 793, 699, 2007,
                          3417, 1814, 447, 3266, 66, 3796, 3042, 698, 2743, 796, 2695, 700,
                          2960, 1447, 3649, 277, 3638, 797, 514, 2090, 702, 543, 2087, 3721,
                          2683, 98, 3128, 2742, 3131, 1709, 2800, 3044, 3499, 585, 1710, 1580,
                          452, 2740, 3127, 3549, 1704, 750, 3112, 1711, 595, 1064, 556, 1065,
                          727, 2288, 1399, 3741, 2031, 2065, 724, 326, 52, 953
  Coordinates...........: (3.16188e+08,4.03676e+08)
  Semiminor axis........: 9979.28
  Semimajor axis........: 49896.42
  Angle (degrees).......: -84.00
  Shape.................: 5.00
  Time frame............: 2011-10-14_22 to 2011-10-15_4
  Number of cases.......: 27793
  Expected cases........: 11036.83
  Observed / expected...: 2.52
  Test statistic........: 8919.164626

5.Location IDs included.: 602, 601, 600, 712, 1447, 543, 3270, 2683, 2684, 57, 1436, 2077, 599,
                          5, 289, 3627, 603, 3306, 2638, 923, 3305, 3085, 54, 1382, 3269, 3273,
                          76, 3267, 326, 596, 3784, 3304, 426, 604, 3332, 1049, 14, 156, 2764,
                          721, 417, 939, 212, 953, 3290, 1058, 2686, 3593, 306, 2639, 764, 942,
                          668, 3491, 2016, 595, 2040, 385, 667, 586, 2015, 2766, 2521, 1433,
                          1155, 62, 640, 2637, 1668, 155, 2490, 384, 1455, 2024, 3302, 605,
                          511, 3274, 3421, 3265, 2690, 1156, 2014, 216, 1265, 594, 597, 3418,
                          2017, 636, 60, 2488, 960, 2767, 2283, 2281, 3289, 2284, 2294, 512,
                          2013, 1452, 3335, 2279, 2292, 3288, 209, 1428, 3277, 3806, 98, 1802,
                          2285, 2860, 2519, 3275, 788, 1025, 2692, 1965, 2881, 3040, 592, 64,
                          3214, 2487, 3287, 2277, 324, 2770, 1027, 1457, 722, 2787, 682, 1473,
                          670, 519, 1522, 154, 666, 1953, 3805, 2636, 3219, 718, 2640, 2788,
                          2012, 3039, 2771, 2695
  Coordinates...........: (3.16188e+08,4.03676e+08)
  Semiminor axis........: 9982.27
  Semimajor axis........: 49911.34
  Angle (degrees).......: -12.00
  Shape.................: 5.00
  Time frame............: 2011-10-22_22 to 2011-10-23_4
  Number of cases.......: 24697
  Expected cases........: 9785.85
  Observed / expected...: 2.52
  Test statistic........: 7957.669905

6.Location IDs included.: 602, 601, 417, 2686, 62, 942, 2639, 3267, 426, 939, 3287, 2640, 3269,
                          600, 712, 3288, 219, 2881, 3289, 3286, 1431, 101, 60, 788, 2690, 289,
                          789, 1429, 1953, 2638, 3265, 54, 801, 803, 2207, 2523, 1811, 599,
                          221, 1810, 1427, 1812, 1448, 634, 2637, 603, 2475, 1809, 525, 790,
                          3652, 1265, 1813, 1808, 64, 799, 1449, 3270, 2692, 1807, 276, 3277,
                          665, 3798, 2636, 3654, 2684, 13, 57, 749, 75, 791, 3797, 596, 3780,
                          2037, 604, 3651, 1120, 798, 1906, 792, 1585, 1433, 3284, 748, 3290,
                          3268, 3655, 275, 2634, 1558, 794, 746, 1905, 3779, 793, 699, 2007,
                          3417, 1814, 447, 3266, 66, 3796, 3042, 698, 2743, 796, 2695, 700,
                          2960, 1447, 3649, 277, 3638, 797, 514, 2090, 702, 543, 2087, 3721,
                          2683, 98, 3128, 2742, 3131, 1709, 2800, 3044, 3499, 585, 1710, 1580,
                          452, 2740, 3127, 3549, 1704, 750, 3112, 1711, 595, 1064, 556, 1065,
                          727, 2288, 1399, 3741, 2031, 2065, 724, 326, 52, 953
  Coordinates...........: (3.16188e+08,4.03676e+08)
  Semiminor axis........: 9979.28
  Semimajor axis........: 49896.42
  Angle (degrees).......: -84.00
  Shape.................: 5.00
  Time frame............: 2011-10-21_22 to 2011-10-22_4
  Number of cases.......: 26056
  Expected cases........: 10617.44
  Observed / expected...: 2.45
  Test statistic........: 7959.351500

7.Location IDs included.: 602, 601, 417, 2686, 62, 942, 2639, 3267, 426, 939, 3287, 2640, 3269,
                          600, 712, 3288, 219, 2881, 3289, 3286, 1431, 101, 60, 788, 2690, 289,
                          789, 1429, 1953, 2638, 3265, 54, 801, 803, 2207, 2523, 1811, 599,
                          221, 1810, 1427, 1812, 1448, 634, 2637, 603, 2475, 1809, 525, 790,
                          3652, 1265, 1813, 1808, 64, 799, 1449, 3270, 2692, 1807, 276, 3277,
                          665, 3798, 2636, 3654, 2684, 13, 57, 749, 75, 791, 3797, 596, 3780,
                          2037, 604, 3651, 1120, 798, 1906, 792, 1585, 1433, 3284, 748, 3290,
                          3268, 3655, 275, 2634, 1558, 794, 746, 1905, 3779, 793, 699, 2007,
                          3417, 1814, 447, 3266, 66, 3796, 3042, 698, 2743, 796, 2695, 700,
                          2960, 1447, 3649, 277, 3638, 797, 514, 2090, 702, 543, 2087, 3721,
                          2683, 98, 3128, 2742, 3131, 1709, 2800, 3044, 3499, 585, 1710, 1580,
                          452, 2740, 3127, 3549, 1704, 750, 3112, 1711, 595, 1064, 556, 1065,
                          727, 2288, 1399, 3741, 2031, 2065, 724, 326, 52, 953
  Coordinates...........: (3.16188e+08,4.03676e+08)
  Semiminor axis........: 9979.28
  Semimajor axis........: 49896.42
  Angle (degrees).......: -84.00
  Shape.................: 5.00
  Time frame............: 2011-10-15_22 to 2011-10-16_4
  Number of cases.......: 27148
  Expected cases........: 11165.73
  Observed / expected...: 2.43
  Test statistic........: 8144.061895

8.Location IDs included.: 602, 601, 417, 2686, 62, 942, 2639, 3267, 426, 939, 3287, 2640, 3269,
                          600, 712, 3288, 219, 2881, 3289, 3286, 1431, 101, 60, 788, 2690, 289,
                          789, 1429, 1953, 2638, 3265, 54, 801, 803, 2207, 2523, 1811, 599,
                          221, 1810, 1427, 1812, 1448, 634, 2637, 603, 2475, 1809, 525, 790,
                          3652, 1265, 1813, 1808, 64, 799, 1449, 3270, 2692, 1807, 276, 3277,
                          665, 3798, 2636, 3654, 2684, 13, 57, 749, 75, 791, 3797, 596, 3780,
                          2037, 604, 3651, 1120, 798, 1906, 792, 1585, 1433, 3284, 748, 3290,
                          3268, 3655, 275, 2634, 1558, 794, 746, 1905, 3779, 793, 699, 2007,
                          3417, 1814, 447, 3266, 66, 3796, 3042, 698, 2743, 796, 2695, 700,
                          2960, 1447, 3649, 277, 3638, 797, 514, 2090, 702, 543, 2087, 3721,
                          2683, 98, 3128, 2742, 3131, 1709, 2800, 3044, 3499, 585, 1710, 1580,
                          452, 2740, 3127, 3549, 1704, 750, 3112, 1711, 595, 1064, 556, 1065,
                          727, 2288, 1399, 3741, 2031, 2065, 724, 326, 52, 953
  Coordinates...........: (3.16188e+08,4.03676e+08)
  Semiminor axis........: 9979.28
  Semimajor axis........: 49896.42
  Angle (degrees).......: -84.00
  Shape.................: 5.00
  Time frame............: 2011-10-28_23 to 2011-10-29_5
  Number of cases.......: 23316
  Expected cases........: 9036.61
  Observed / expected...: 2.58
  Test statistic........: 7826.075749

9.Location IDs included.: 602, 601, 417, 2686, 62, 942, 2639, 3267, 426, 939, 3287, 2640, 3269,
                          600, 712, 3288, 219, 2881, 3289, 3286, 1431, 101, 60, 788, 2690, 289,
                          789, 1429, 1953, 2638, 3265, 54, 801, 803, 2207, 2523, 1811, 599,
                          221, 1810, 1427, 1812, 1448, 634, 2637, 603, 2475, 1809, 525, 790,
                          3652, 1265, 1813, 1808, 64, 799, 1449, 3270, 2692, 1807, 276, 3277,
                          665, 3798, 2636, 3654, 2684, 13, 57, 749, 75, 791, 3797, 596, 3780,
                          2037, 604, 3651, 1120, 798, 1906, 792, 1585, 1433, 3284, 748, 3290,
                          3268, 3655, 275, 2634, 1558, 794, 746, 1905, 3779, 793, 699, 2007,
                          3417, 1814, 447, 3266, 66, 3796, 3042, 698, 2743, 796, 2695, 700,
                          2960, 1447, 3649, 277, 3638, 797, 514, 2090, 702, 543, 2087, 3721,
                          2683, 98, 3128, 2742, 3131, 1709, 2800, 3044, 3499, 585, 1710, 1580,
                          452, 2740, 3127, 3549, 1704, 750, 3112, 1711, 595, 1064, 556, 1065,
                          727, 2288, 1399, 3741, 2031, 2065, 724, 326, 52, 953
  Coordinates...........: (3.16188e+08,4.03676e+08)
  Semiminor axis........: 9979.28
  Semimajor axis........: 49896.42
  Angle (degrees).......: -84.00
  Shape.................: 5.00
  Time frame............: 2011-10-1_0 to 2011-10-1_5
  Number of cases.......: 17229
  Expected cases........: 5990.28
  Observed / expected...: 2.88
  Test statistic........: 6966.221316

10.Location IDs included.: 2620, 2618, 2621, 431, 3464, 2688, 1988, 2746, 2616, 3190, 2613,
                          2624, 487, 2625, 2612, 689, 1392, 3198, 2611, 1169, 1185, 1179, 1184,
                          1199, 2323, 2094, 3476, 1353, 3463, 654, 3173, 2627, 430, 1190, 1188,
                          2082, 1486, 357, 2081, 1207, 966, 432, 3249, 3744, 1786, 1327, 2745,
                          2747, 3465, 1174, 2654, 3452, 3074, 637, 3191, 3189, 1989, 2744,
                          2055, 1193, 1075, 3254, 1073, 2402, 3033, 1391, 1333, 2609, 1173,
                          1204, 3032, 136, 3347, 1314, 3296, 3533, 422, 688, 3758, 3199, 427,
                          3720, 3375, 1166, 3831, 2095, 1203, 2042, 3197, 1081, 1393, 1959,
                          1679, 3868, 1164, 1205, 1080, 2655, 1780, 3760, 292, 1168, 2607,
                          1145, 3530, 3572, 2653, 2092, 769, 3187, 1515, 423, 3352, 3519, 1214,
                          2606, 2772, 3434, 3439, 1158, 1559, 299, 421, 133, 742, 2605, 1973,
                          2039, 1560
  Coordinates...........: (3.16243e+08,4.03506e+08)
  Semiminor axis........: 9963.03
  Semimajor axis........: 49815.17
  Angle (degrees).......: -60.00
  Shape.................: 5.00
  Time frame............: 2011-10-29_22 to 2011-10-30_4
  Number of cases.......: 5581
  Expected cases........: 18736.11
  Observed / expected...: 0.30
  Test statistic........: 6400.514011

11.Location IDs included.: 1953, 788, 2881, 634, 289, 3269, 1265, 3267, 600, 665, 2640, 599,
                          601, 3270, 2690, 60, 1120, 602, 1813, 3798, 942, 1812, 62, 3780,
                          1433, 2639, 3286, 64, 2692, 1811, 2475, 1814, 514, 596, 417, 2686,
                          3287, 221, 1431, 796, 2207, 426, 101, 3044, 939, 1447, 712, 2288,
                          3284, 2523, 75, 3288, 2007, 66, 1810, 2695, 219, 1815, 1906, 1429,
                          3289, 953, 3265, 3593, 595, 3799, 1448, 3654, 2800, 3638, 789, 2638,
                          3652, 1809, 3797, 556, 3042, 1816, 54, 3655, 525, 2031, 585, 276,
                          3417, 1439, 1808, 801, 803, 1436, 1905, 636, 2037, 1427, 3283, 603,
                          3272, 3779, 749, 277, 1807, 2006, 3154, 67, 557, 236, 2637, 790,
                          3796, 3277, 3639, 750, 666, 76, 2743, 3419, 447, 700, 1449, 799, 594,
                          702, 2960, 3131, 3155, 3153, 540, 1442, 3833, 77, 3834, 2684
  Coordinates...........: (3.16192e+08,4.03665e+08)
  Semiminor axis........: 9935.19
  Semimajor axis........: 49675.96
  Angle (degrees).......: -84.00
  Shape.................: 5.00
  Time frame............: 2011-10-29_22 to 2011-10-30_4
  Number of cases.......: 22852
  Expected cases........: 10365.27
  Observed / expected...: 2.20
  Test statistic........: 5583.573780

12.Location IDs included.: 1506, 353, 3433, 1546, 1481, 3018, 3020, 1037, 3718, 186, 2272, 1488,
                          1456, 184, 188, 3717, 3022, 3161, 3592, 2919, 3160, 2573, 413, 3162,
                          2661, 2813, 3585, 3227, 2574, 3025, 3584, 3229, 3587, 410, 3226,
                          3583, 3582, 3853, 3588, 3221, 2812, 3222, 2817, 3847, 3220, 3589,
                          3232, 3223, 408, 3821, 2662, 416, 305, 2572, 3217, 2312, 2576, 531,
                          2034, 406, 3802, 2313, 2142, 3015, 2818, 3106, 2810, 3753, 2314, 405,
                          612, 3316, 340, 2569, 3163, 3315, 3754, 3313, 338, 3752, 3312, 404,
                          533, 2084, 2819, 3031, 2316, 3448, 189, 337, 3311, 3755, 3012, 3751,
                          1137, 403, 516, 1138, 513, 3299, 2078, 2577, 1544, 1077, 3303, 502,
                          3462, 1074, 3167, 2233, 3168, 3169, 3166, 2647, 402, 2570, 3135,
                          3308, 3170, 3756, 3165, 3750
  Coordinates...........: (3.16147e+08,4.03617e+08)
  Semiminor axis........: 9409.46
  Semimajor axis........: 37637.83
  Angle (degrees).......: 75.00
  Shape.................: 4.00
  Time frame............: 2011-10-7_22 to 2011-10-8_4
  Number of cases.......: 25358
  Expected cases........: 12181.48
  Observed / expected...: 2.08
  Test statistic........: 5419.878355

13.Location IDs included.: 1506, 353, 3433, 1546, 1481, 3018, 3020, 1037, 3718, 186, 2272, 1488,
                          1456, 184, 188, 3717, 3022, 3161, 3592, 2919, 3160, 2573, 413, 3162,
                          2661, 2813, 3585, 3227, 2574, 3025, 3584, 3229, 3587, 410, 3226,
                          3583, 3582, 3853, 3588, 3221, 2812, 3222, 2817, 3847, 3220, 3589,
                          3232, 3223, 408, 3821, 2662, 416, 305, 2572, 3217, 2312, 2576, 531,
                          2034, 406, 3802, 2313, 2142, 3015, 2818, 3106, 2810, 3753, 2314, 405,
                          612, 3316, 340, 2569, 3163, 3315, 3754, 3313, 338, 3752, 3312, 404,
                          533, 2084, 2819, 3031, 2316, 3448, 189, 337, 3311, 3755, 3012, 3751,
                          1137, 403, 516, 1138, 513, 3299, 2078, 2577, 1544, 1077, 3303, 502,
                          3462, 1074, 3167, 2233, 3168, 3169, 3166, 2647
  Coordinates...........: (3.16147e+08,4.03617e+08)
  Semiminor axis........: 9261.44
  Semimajor axis........: 37045.74
  Angle (degrees).......: 75.00
  Shape.................: 4.00
  Time frame............: 2011-10-8_22 to 2011-10-9_4
  Number of cases.......: 25698
  Expected cases........: 12868.60
  Observed / expected...: 2.00
  Test statistic........: 4948.182340

14.Location IDs included.: 1506, 353, 3433, 1546, 1481, 3018, 3020, 1037, 3718, 186, 2272, 1488,
                          1456, 184, 188, 3717, 3022, 3161, 3592, 2919, 3160, 2573, 413, 3162,
                          2661, 2813, 3585, 3227, 2574, 3025, 3584, 3229, 3587, 410, 3226,
                          3583, 3582, 3853, 3588, 3221, 2812, 3222, 2817, 3847, 3220, 3589,
                          3232, 3223, 408, 3821, 2662, 416, 305, 2572, 3217, 2312, 2576, 531,
                          2034, 406, 3802, 2313, 2142, 3015, 2818, 3106, 2810, 3753, 2314, 405,
                          612, 3316, 340, 2569, 3163, 3315, 3754, 3313, 338, 3752, 3312, 404,
                          533, 2084, 2819, 3031, 2316, 3448, 189, 337, 3311, 3755, 3012, 3751,
                          1137, 403, 516, 1138, 513, 3299, 2078, 2577, 1544, 1077, 3303, 502,
                          3462, 1074, 3167, 2233, 3168, 3169, 3166, 2647
  Coordinates...........: (3.16147e+08,4.03617e+08)
  Semiminor axis........: 9261.44
  Semimajor axis........: 37045.74
  Angle (degrees).......: 75.00
  Shape.................: 4.00
  Time frame............: 2011-10-14_22 to 2011-10-15_4
  Number of cases.......: 24181
  Expected cases........: 12293.98
  Observed / expected...: 1.97
  Test statistic........: 4474.051249

15.Location IDs included.: 2621, 2620, 431, 2618, 2688, 2746, 3464, 3190, 1988, 2624, 2616,
                          2625, 2613, 689, 487, 3198, 2612, 2627, 1392, 1179, 1169, 1199, 1185,
                          3476, 1184, 1353, 654, 1190, 2094, 430, 3463, 2654, 2323, 357, 1207,
                          2611, 3173, 2745, 1188, 3452, 432, 1486, 1786, 966, 3249, 2747, 3189,
                          1327, 3191, 2081, 2402, 3744, 1193, 2082, 1075, 3465, 1073, 3074,
                          1174, 1204, 3033, 1989, 3032, 2744, 422, 136, 637, 3254, 2055, 3533,
                          688, 3199, 1333, 1391, 1173, 1203, 3197, 2609, 3720, 3868, 1081,
                          3347, 1314, 3831, 2095, 3296, 1205, 1080, 2655, 427, 3375, 3758,
                          1145, 1166, 3572, 2653, 3530, 1393, 2042, 1959, 1164, 1679, 2772,
                          1780, 3519, 423, 1214, 292, 3760, 1168, 2092, 299, 2607, 133, 421,
                          742, 3187, 769, 1515, 3352, 1146, 1212, 974, 2606, 2630, 3434, 3439,
                          1559, 1158
  Coordinates...........: (3.16244e+08,4.03504e+08)
  Semiminor axis........: 9971.97
  Semimajor axis........: 49859.86
  Angle (degrees).......: -60.00
  Shape.................: 5.00
  Time frame............: 2011-10-1_21 to 2011-10-2_3
  Number of cases.......: 7238
  Expected cases........: 18513.44
  Observed / expected...: 0.39
  Test statistic........: 4481.148394

16.Location IDs included.: 2621, 2620, 431, 2618, 2688, 2746, 3464, 3190, 1988, 2624, 2616,
                          2625, 2613, 689, 487, 3198, 2612, 2627, 1392, 1179, 1169, 1199, 1185,
                          3476, 1184, 1353, 654, 1190, 2094, 430, 3463, 2654, 2323, 357, 1207,
                          2611, 3173, 2745, 1188, 3452, 432, 1486, 1786, 966, 3249, 2747, 3189,
                          1327, 3191, 2081, 2402, 3744, 1193, 2082, 1075, 3465, 1073, 3074,
                          1174, 1204, 3033, 1989, 3032, 2744, 422, 136, 637, 3254, 2055, 3533,
                          688, 3199, 1333, 1391, 1173, 1203, 3197, 2609, 3720, 3868, 1081,
                          3347, 1314, 3831, 2095, 3296, 1205, 1080, 2655, 427, 3375, 3758,
                          1145, 1166, 3572, 2653, 3530, 1393, 2042, 1959, 1164, 1679, 2772,
                          1780, 3519, 423, 1214, 292, 3760, 1168, 2092, 299, 2607, 133, 421,
                          742, 3187, 769, 1515, 3352, 1146, 1212, 974, 2606, 2630, 3434, 3439,
                          1559, 1158
  Coordinates...........: (3.16244e+08,4.03504e+08)
  Semiminor axis........: 9971.97
  Semimajor axis........: 49859.86
  Angle (degrees).......: -60.00
  Shape.................: 5.00
  Time frame............: 2011-10-22_21 to 2011-10-23_3
  Number of cases.......: 8026
  Expected cases........: 19577.98
  Observed / expected...: 0.41
  Test statistic........: 4398.492221

17.Location IDs included.: 2620, 2618, 2621, 431, 3464, 2688, 1988, 2746, 2616, 3190, 2613,
                          2624, 487, 2625, 2612, 689, 1392, 3198, 2611, 1169, 1185, 1179, 1184,
                          1199, 2323, 2094, 3476, 1353, 3463, 654, 3173, 2627, 430, 1190, 1188,
                          2082, 1486, 357, 2081, 1207, 966, 432, 3249, 3744, 1786, 1327, 2745,
                          2747, 3465, 1174, 2654, 3452, 3074, 637, 3191, 3189, 1989, 2744,
                          2055, 1193, 1075, 3254, 1073, 2402, 3033, 1391, 1333, 2609, 1173,
                          1204, 3032, 136, 3347, 1314, 3296, 3533, 422, 688, 3758, 3199, 427,
                          3720, 3375, 1166, 3831, 2095, 1203, 2042, 3197, 1081, 1393, 1959,
                          1679, 3868, 1164, 1205, 1080, 2655, 1780, 3760, 292, 1168, 2607,
                          1145, 3530, 3572, 2653, 2092, 769, 3187, 1515, 423, 3352, 3519, 1214,
                          2606, 2772, 3434, 3439, 1158, 1559, 299, 421, 133, 742, 2605, 1973,
                          2039, 1560
  Coordinates...........: (3.16243e+08,4.03506e+08)
  Semiminor axis........: 9963.03
  Semimajor axis........: 49815.17
  Angle (degrees).......: -60.00
  Shape.................: 5.00
  Time frame............: 2011-10-15_22 to 2011-10-16_4
  Number of cases.......: 7142
  Expected cases........: 18029.77
  Observed / expected...: 0.40
  Test statistic........: 4277.113628

18.Location IDs included.: 1506, 353, 3433, 1546, 1481, 3018, 3020, 1037, 3718, 186, 2272, 1488,
                          1456, 184, 188, 3717, 3022, 3161, 3592, 2919, 3160, 2573, 413, 3162,
                          2661, 2813, 3585, 3227, 2574, 3025, 3584, 3229, 3587, 410, 3226,
                          3583, 3582, 3853, 3588, 3221, 2812, 3222, 2817, 3847, 3220, 3589,
                          3232, 3223, 408, 3821, 2662, 416, 305, 2572, 3217, 2312, 2576, 531,
                          2034, 406, 3802, 2313, 2142, 3015, 2818, 3106, 2810, 3753, 2314, 405,
                          612, 3316, 340, 2569, 3163, 3315, 3754, 3313, 338, 3752, 3312, 404,
                          533, 2084, 2819, 3031, 2316, 3448, 189, 337, 3311, 3755, 3012, 3751,
                          1137, 403, 516, 1138, 513, 3299, 2078, 2577, 1544, 1077, 3303, 502,
                          3462, 1074, 3167, 2233, 3168, 3169, 3166, 2647, 402, 2570, 3135,
                          3308, 3170, 3756, 3165, 3750
  Coordinates...........: (3.16147e+08,4.03617e+08)
  Semiminor axis........: 9409.46
  Semimajor axis........: 37637.83
  Angle (degrees).......: 75.00
  Shape.................: 4.00
  Time frame............: 2011-10-21_22 to 2011-10-22_4
  Number of cases.......: 24330
  Expected cases........: 12614.34
  Observed / expected...: 1.93
  Test statistic........: 4269.677411

19.Location IDs included.: 2620, 2618, 2621, 431, 3464, 2688, 1988, 2746, 2616, 3190, 2613,
                          2624, 487, 2625, 2612, 689, 1392, 3198, 2611, 1169, 1185, 1179, 1184,
                          1199, 2323, 2094, 3476, 1353, 3463, 654, 3173, 2627, 430, 1190, 1188,
                          2082, 1486, 357, 2081, 1207, 966, 432, 3249, 3744, 1786, 1327, 2745,
                          2747, 3465, 1174, 2654, 3452, 3074, 637, 3191, 3189, 1989, 2744,
                          2055, 1193, 1075, 3254, 1073, 2402, 3033, 1391, 1333, 2609, 1173,
                          1204, 3032, 136, 3347, 1314, 3296, 3533, 422, 688, 3758, 3199, 427,
                          3720, 3375, 1166, 3831, 2095, 1203, 2042, 3197, 1081, 1393, 1959,
                          1679, 3868, 1164, 1205, 1080, 2655, 1780, 3760, 292, 1168, 2607,
                          1145, 3530, 3572, 2653, 2092, 769, 3187, 1515, 423, 3352, 3519, 1214,
                          2606, 2772, 3434, 3439, 1158, 1559, 299, 421, 133, 742, 2605, 1973,
                          2039, 1560
  Coordinates...........: (3.16243e+08,4.03506e+08)
  Semiminor axis........: 9963.03
  Semimajor axis........: 49815.17
  Angle (degrees).......: -60.00
  Shape.................: 5.00
  Time frame............: 2011-10-8_21 to 2011-10-9_3
  Number of cases.......: 7484
  Expected cases........: 18439.18
  Observed / expected...: 0.41
  Test statistic........: 4209.881211

20.Location IDs included.: 742, 2630, 2772, 546, 1145, 3868, 2633, 422, 925, 2635, 2402, 2654,
                          1096, 2627, 762, 3198, 163, 614, 1211, 3609, 689, 1904, 1212, 1225,
                          133, 2501, 882, 3211, 3515, 2777, 974, 1214, 545, 1229, 421, 2625,
                          272, 3572, 2779, 1379, 3827, 3519, 547, 888, 2773, 1792, 924, 1146,
                          1205, 2653, 926, 1216, 2624, 299, 450, 2814, 771, 1080, 1203, 423,
                          1238, 1097, 1095, 3197, 3530, 3533, 3190, 3231, 1944, 2558, 3228,
                          2655, 688, 1332, 1204, 1250, 2746, 162, 1081, 1686, 3032, 439, 1193,
                          1236, 3199, 1606, 2552, 1073, 2688, 3452, 2280, 136, 1232, 2547,
                          3189, 755, 1207, 431, 3033, 820, 3711, 1794, 2559, 2745, 754, 1190,
                          1075, 2621, 440, 1247, 2556, 2656, 357, 3476, 3191, 2927, 1249, 2620,
                          438, 430, 827, 1199, 2747
  Coordinates...........: (3.16266e+08,4.03464e+08)
  Semiminor axis........: 9993.46
  Semimajor axis........: 49967.30
  Angle (degrees).......: -60.00
  Shape.................: 5.00
  Time frame............: 2011-10-28_23 to 2011-10-29_5
  Number of cases.......: 2605
  Expected cases........: 10410.27
  Observed / expected...: 0.25
  Test statistic........: 4197.981535

21.Location IDs included.: 742, 2630, 2772, 546, 1145, 3868, 2633, 422, 925, 2635, 2402, 2654,
                          1096, 2627, 762, 3198, 163, 614, 1211, 3609, 689, 1904, 1212, 1225,
                          133, 2501, 882, 3211, 3515, 2777, 974, 1214, 545, 1229, 421, 2625,
                          272, 3572, 2779, 1379, 3827, 3519, 547, 888, 2773, 1792, 924, 1146,
                          1205, 2653, 926, 1216, 2624, 299, 450, 2814, 771, 1080, 1203, 423,
                          1238, 1097, 1095, 3197, 3530, 3533, 3190, 3231, 1944, 2558, 3228,
                          2655, 688, 1332, 1204, 1250, 2746, 162, 1081, 1686, 3032, 439, 1193,
                          1236, 3199, 1606, 2552, 1073, 2688, 3452, 2280, 136, 1232, 2547,
                          3189, 755, 1207, 431, 3033, 820, 3711, 1794, 2559, 2745, 754, 1190,
                          1075, 2621, 440, 1247, 2556, 2656, 357, 3476, 3191, 2927, 1249, 2620,
                          438, 430, 827, 1199, 2747
  Coordinates...........: (3.16266e+08,4.03464e+08)
  Semiminor axis........: 9993.46
  Semimajor axis........: 49967.30
  Angle (degrees).......: -60.00
  Shape.................: 5.00
  Time frame............: 2011-10-1_0 to 2011-10-1_6
  Number of cases.......: 1312
  Expected cases........: 7299.46
  Observed / expected...: 0.18
  Test statistic........: 3736.665699

22.Location IDs included.: 742, 2630, 2772, 546, 1145, 3868, 2633, 422, 925, 2635, 2402, 2654,
                          1096, 2627, 762, 3198, 163, 614, 1211, 3609, 689, 1904, 1212, 1225,
                          133, 2501, 882, 3211, 3515, 2777, 974, 1214, 545, 1229, 421, 2625,
                          272, 3572, 2779, 1379, 3827, 3519, 547, 888, 2773, 1792, 924, 1146,
                          1205, 2653, 926, 1216, 2624, 299, 450, 2814, 771, 1080, 1203, 423,
                          1238, 1097, 1095, 3197, 3530, 3533, 3190, 3231, 1944, 2558, 3228,
                          2655, 688, 1332, 1204, 1250, 2746, 162, 1081, 1686, 3032, 439, 1193,
                          1236, 3199, 1606, 2552, 1073, 2688, 3452, 2280, 136, 1232, 2547,
                          3189, 755, 1207, 431, 3033, 820, 3711, 1794, 2559, 2745, 754, 1190,
                          1075, 2621, 440, 1247, 2556, 2656, 357, 3476, 3191, 2927, 1249, 2620,
                          438, 430, 827, 1199, 2747
  Coordinates...........: (3.16266e+08,4.03464e+08)
  Semiminor axis........: 9993.46
  Semimajor axis........: 49967.30
  Angle (degrees).......: -60.00
  Shape.................: 5.00
  Time frame............: 2011-10-7_23 to 2011-10-8_5
  Number of cases.......: 1918
  Expected cases........: 8482.38
  Observed / expected...: 0.23
  Test statistic........: 3713.981859

23.Location IDs included.: 788, 2881, 1953, 3265, 1265, 2640, 2639, 666, 1805, 3277, 604, 634,
                          384, 1433, 605, 518, 636, 721, 14, 3267, 101, 603, 1668, 3269, 2764,
                          324, 923, 3627, 722, 2766, 665, 5, 3803, 2289, 3593, 3304, 2291, 964,
                          2077, 953, 289, 2040, 3305, 672, 3335, 712, 525, 3276, 519, 3422,
                          2767, 3302, 543, 1807, 1058, 156, 3801, 3491, 1120, 2683, 2017, 1624,
                          3306, 960, 1808, 3049, 3332, 2490, 3270, 602, 76, 2016, 1155, 157,
                          950, 3052, 2684, 2770, 2015, 1809, 1965, 601, 3423, 1514, 57, 2521,
                          3783, 1156, 1455, 212, 514, 667, 3421, 949, 2771, 209, 976, 561,
                          2014, 3418, 3336, 155, 600, 2488, 326, 1447, 2283, 2284, 2281, 3085,
                          859, 1399, 2638, 2285, 1810, 1428, 1802, 2013, 2279, 1670, 3805, 723,
                          3298, 3420, 54, 385, 1444, 2808, 3784, 1452
  Coordinates...........: (3.16191e+08,4.03666e+08)
  Semiminor axis........: 9835.14
  Semimajor axis........: 49175.70
  Angle (degrees).......: -24.00
  Shape.................: 5.00
  Time frame............: 2011-10-14_23 to 2011-10-15_5
  Number of cases.......: 14626
  Expected cases........: 6522.01
  Observed / expected...: 2.24
  Test statistic........: 3709.923790

24.Location IDs included.: 2919, 3717, 1456, 2661, 2813, 2817, 3718, 3020, 531, 3592, 3753,
                          3018, 1546, 353, 2812, 3754, 1506, 3752, 2272, 3582, 2818, 3022,
                          3433, 3583, 3751, 612, 1481, 3584, 2142, 3585, 1037, 1138, 3750,
                          3025, 3755, 3303, 3587, 2369, 186, 1488, 3802, 3217, 2810, 516, 188,
                          2662, 184, 3821, 3588, 305, 2819, 3220, 3221, 3161, 3301, 3589, 533,
                          3160, 3222, 1137, 3178, 3847, 2573, 1139, 3162, 413, 3226, 3853,
                          1215, 3227, 3560, 3223, 3229, 3756, 2574, 410, 3015, 3300, 2572,
                          2364, 3232, 408, 2968, 416, 2576, 2312, 2034, 406, 3299, 3313, 3312,
                          3031, 3315, 2313, 3311, 2569, 513, 811, 1412, 3316, 3106, 2820, 405,
                          502, 1611, 3308, 2314, 340, 1672, 520, 3163, 2287, 2290, 1670, 338,
                          3462, 10, 3590, 3196, 404, 515, 3012, 2084, 3448, 3734, 189, 3360,
                          2771, 2770, 2316, 3748, 337, 157, 2906, 875, 3165, 2767, 1673, 3166,
                          403, 2410, 3167, 2577, 1544, 298, 3302, 2017, 2493, 1077, 2040, 3168,
                          1965, 158, 2233, 2078, 1135
  Coordinates...........: (3.16152e+08,4.0363e+08)
  Semiminor axis........: 9976.97
  Semimajor axis........: 49884.85
  Angle (degrees).......: 72.00
  Shape.................: 5.00
  Time frame............: 2011-10-1_22 to 2011-10-2_4
  Number of cases.......: 28670
  Expected cases........: 16442.87
  Observed / expected...: 1.74
  Test statistic........: 3716.086389

25.Location IDs included.: 3780, 1814, 3798, 3044, 1813, 796, 1815, 1812, 1811, 1816, 2207, 557,
                          1810, 1442, 3797, 1906, 2037, 1809, 3156, 1808, 3157, 1807, 3155,
                          525, 3499, 2743, 2960, 3779, 1710, 3796, 1905, 1709, 3417, 1704,
                          3721, 2742, 1711, 3112, 3042, 101, 1034, 727, 3419, 3128, 3272, 3741,
                          452, 3799, 724, 3045, 3638, 1038, 2740, 2288, 1399, 1707, 109, 723,
                          2800, 514, 2803, 1847, 1120, 2914, 3127, 558, 556, 3277, 3131, 653,
                          2640, 665, 672, 1443, 3276, 1439, 3265, 3742
  Coordinates...........: (3.16194e+08,4.03644e+08)
  Semiminor axis........: 9879.44
  Semimajor axis........: 29638.31
  Angle (degrees).......: -60.00
  Shape.................: 3.00
  Time frame............: 2011-10-22_22 to 2011-10-23_4
  Number of cases.......: 17447
  Expected cases........: 8476.61
  Observed / expected...: 2.06
  Test statistic........: 3625.930161

26.Location IDs included.: 788, 2881, 1953, 3265, 1265, 2640, 2639, 666, 1805, 3277, 604, 634,
                          384, 1433, 605, 518, 636, 721, 14, 3267, 101, 603, 1668, 3269, 2764,
                          324, 923, 3627, 722, 2766, 665, 5, 3803, 2289, 3593, 3304, 2291, 964,
                          2077, 953, 289, 2040, 3305, 672, 3335, 712, 525, 3276, 519, 3422,
                          2767, 3302, 543, 1807, 1058, 156, 3801, 3491, 1120, 2683, 2017, 1624,
                          3306, 960, 1808, 3049, 3332, 2490, 3270, 602, 76, 2016, 1155, 157,
                          950, 3052, 2684, 2770, 2015, 1809, 1965, 601, 3423, 1514, 57, 2521,
                          3783, 1156, 1455, 212, 514, 667, 3421, 949, 2771, 209, 976, 561,
                          2014, 3418, 3336, 155, 600, 2488, 326, 1447, 2283, 2284, 2281, 3085,
                          859, 1399, 2638, 2285, 1810, 1428, 1802, 2013, 2279, 1670, 3805, 723,
                          3298, 3420, 54, 385, 1444, 2808, 3784, 1452, 857, 2860, 2288, 2487
  Coordinates...........: (3.16191e+08,4.03666e+08)
  Semiminor axis........: 9948.02
  Semimajor axis........: 49740.10
  Angle (degrees).......: -24.00
  Shape.................: 5.00
  Time frame............: 2011-10-8_23 to 2011-10-9_5
  Number of cases.......: 15561
  Expected cases........: 7222.56
  Observed / expected...: 2.15
  Test statistic........: 3607.334883

27.Location IDs included.: 788, 2881, 1953, 3265, 1265, 2640, 2639, 666, 1805, 3277, 604, 634,
                          384, 1433, 605, 518, 636, 721, 14, 3267, 101, 603, 1668, 3269, 2764,
                          324, 923, 3627, 722, 2766, 665, 5, 3803, 2289, 3593, 3304, 2291, 964,
                          2077, 953, 289, 2040, 3305, 672, 3335, 712, 525, 3276, 519, 3422,
                          2767, 3302, 543, 1807, 1058, 156, 3801, 3491, 1120, 2683, 2017, 1624,
                          3306, 960, 1808, 3049, 3332, 2490, 3270, 602, 76, 2016, 1155, 157,
                          950, 3052, 2684, 2770, 2015, 1809, 1965, 601, 3423, 1514, 57, 2521,
                          3783, 1156, 1455, 212, 514, 667, 3421, 949, 2771, 209, 976, 561,
                          2014, 3418, 3336, 155, 600, 2488, 326, 1447, 2283, 2284, 2281, 3085,
                          859, 1399, 2638, 2285, 1810, 1428, 1802, 2013, 2279, 1670, 3805, 723,
                          3298, 3420, 54, 385, 1444, 2808, 3784, 1452, 857, 2860, 2288, 2487
  Coordinates...........: (3.16191e+08,4.03666e+08)
  Semiminor axis........: 9948.02
  Semimajor axis........: 49740.10
  Angle (degrees).......: -24.00
  Shape.................: 5.00
  Time frame............: 2011-10-21_23 to 2011-10-22_5
  Number of cases.......: 14263
  Expected cases........: 6373.84
  Observed / expected...: 2.24
  Test statistic........: 3600.820862

28.Location IDs included.: 101, 3277, 525, 665, 1120, 384, 2640, 605, 324, 1807, 634, 722, 3265,
                          514, 721, 1808, 672, 1668, 14, 3276, 2764, 1809, 1953, 604, 2288,
                          2881, 2766, 3304, 923, 788, 3627, 3335, 5, 3305, 1810, 2040, 1624,
                          3799, 2077, 2639, 156, 3783, 3420, 2767, 3801, 1058, 603, 3332, 3047,
                          3302, 2289, 1399, 3272, 2207, 3491, 2521, 948, 723, 2016, 1265, 3306,
                          2015, 2017, 518, 157, 543, 155, 212, 2014, 2683, 3336, 2807, 1155,
                          3267, 2490, 3419, 1811, 1805, 2770, 1455, 2013, 1452, 2488, 3269,
                          712, 3040, 1965, 1711, 597, 559, 2487, 2012, 666, 724, 2771, 1433,
                          3045, 2684, 1812, 2486, 1482, 3418, 560, 154, 1156, 3421, 1704, 1022,
                          57, 1802, 2808, 3509, 385, 326, 1428, 1522, 1670, 684, 1473, 289,
                          949, 3741, 2484, 1023, 209, 636, 437, 3510, 158, 2519, 2482, 3049,
                          1707, 810
  Coordinates...........: (3.16186e+08,4.03665e+08)
  Semiminor axis........: 9903.77
  Semimajor axis........: 49518.83
  Angle (degrees).......: -36.00
  Shape.................: 5.00
  Time frame............: 2011-10-7_22 to 2011-10-8_4
  Number of cases.......: 16835
  Expected cases........: 8107.30
  Observed / expected...: 2.08
  Test statistic........: 3575.526685

29.Location IDs included.: 439, 2558, 2280, 771, 820, 2656, 272, 827, 1904, 1944, 1238, 2335,
                          1250, 163, 2198, 409, 1216, 3790, 1236, 3342, 3827, 1332, 1902, 1686,
                          3231, 1325, 1232, 3791, 2552, 1097, 762, 1229, 3457, 2920, 755, 450,
                          3711, 627, 3515, 438, 2559, 926, 2663, 1096, 1247, 440, 2556, 1225,
                          1792, 1249, 2667, 2635, 2927, 754, 547, 3609, 1256, 1326, 1015, 2670,
                          925, 2779, 2547, 614, 1243, 3343, 2390, 731, 888, 1606, 2411, 1211,
                          2633, 2993, 930, 1254, 2996, 548, 1098, 411, 31, 2780, 2773, 3761,
                          162, 1212, 2988, 1340, 1252, 546, 2344, 2774, 3000, 461, 1146, 3228,
                          133, 1147, 1016, 2553, 2630, 1282, 3792, 1357, 1985, 299, 3003, 1095
  Coordinates...........: (3.16284e+08,4.03431e+08)
  Semiminor axis........: 9961.54
  Semimajor axis........: 49807.70
  Angle (degrees).......: -72.00
  Shape.................: 5.00
  Time frame............: 2011-10-29_22 to 2011-10-30_4
  Number of cases.......: 3618
  Expected cases........: 11317.49
  Observed / expected...: 0.32
  Test statistic........: 3574.958544

30.Location IDs included.: 602, 601, 417, 2686, 62, 942, 2639, 3267, 426, 939, 3287, 2640, 3269,
                          600, 712, 3288, 219, 2881, 3289, 3286, 1431, 101, 60, 788, 2690, 289,
                          789, 1429, 1953, 2638, 3265, 54, 801, 803, 2207, 2523, 1811, 599,
                          221, 1810, 1427, 1812, 1448, 634, 2637, 603, 2475, 1809, 525, 790,
                          3652, 1265, 1813, 1808, 64, 799, 1449, 3270, 2692, 1807, 276, 3277,
                          665, 3798, 2636, 3654, 2684, 13, 57, 749, 75, 791, 3797, 596, 3780,
                          2037, 604, 3651, 1120, 798, 1906, 792, 1585, 1433, 3284, 748, 3290,
                          3268, 3655, 275, 2634, 1558, 794, 746, 1905, 3779, 793, 699, 2007,
                          3417, 1814, 447, 3266, 66, 3796, 3042, 698, 2743, 796, 2695, 700,
                          2960, 1447, 3649, 277, 3638, 797, 514, 2090, 702, 543, 2087, 3721,
                          2683, 98, 3128, 2742, 3131, 1709, 2800, 3044, 3499, 585, 1710, 1580,
                          452, 2740, 3127, 3549, 1704, 750, 3112, 1711, 595, 1064, 556, 1065,
                          727, 2288, 1399, 3741, 2031, 2065, 724, 326, 52, 953
  Coordinates...........: (3.16188e+08,4.03676e+08)
  Semiminor axis........: 9979.28
  Semimajor axis........: 49896.42
  Angle (degrees).......: -84.00
  Shape.................: 5.00
  Time frame............: 2011-10-20_22 to 2011-10-21_4
  Number of cases.......: 14888
  Expected cases........: 6811.73
  Observed / expected...: 2.19
  Test statistic........: 3566.478405

31.Location IDs included.: 1506, 353, 3433, 1546, 1481, 3018, 3020, 1037, 3718, 186, 2272, 1488,
                          1456, 184, 188, 3717, 3022, 3161, 3592, 2919, 3160, 2573, 413, 3162,
                          2661, 2813, 3585, 3227, 2574, 3025, 3584, 3229, 3587, 410, 3226,
                          3583, 3582, 3853, 3588, 3221, 2812, 3222, 2817, 3847, 3220, 3589,
                          3232, 3223, 408, 3821, 2662, 416, 305, 2572, 3217, 2312, 2576, 531,
                          2034, 406, 3802, 2313, 2142, 3015, 2818, 3106, 2810, 3753, 2314, 405,
                          612, 3316, 340, 2569, 3163, 3315, 3754, 3313, 338, 3752, 3312, 404,
                          533, 2084, 2819, 3031, 2316, 3448, 189, 337, 3311, 3755, 3012, 3751,
                          1137, 403, 516, 1138, 513, 3299, 2078, 2577, 1544, 1077, 3303, 502,
                          3462, 1074, 3167, 2233, 3168, 3169, 3166, 2647, 402, 2570, 3135,
                          3308, 3170, 3756, 3165, 3750
  Coordinates...........: (3.16147e+08,4.03617e+08)
  Semiminor axis........: 9409.46
  Semimajor axis........: 37637.83
  Angle (degrees).......: 75.00
  Shape.................: 4.00
  Time frame............: 2011-10-21_0 to 2011-10-21_4
  Number of cases.......: 11057
  Expected cases........: 4307.42
  Observed / expected...: 2.57
  Test statistic........: 3675.311086

32.Location IDs included.: 353, 1506, 1546, 3433, 3018, 3718, 3020, 1481, 2272, 1456, 1037,
                          3717, 2919, 186, 3592, 1488, 184, 3022, 188, 2813, 2661, 3161, 2812,
                          3221, 2817, 3220, 3222, 3584, 3821, 3583, 3582, 3226, 3585, 3227,
                          3853, 2662, 3160, 3847, 3025, 3229, 3587, 3217, 3162, 3223, 531, 413,
                          2573, 410, 3588, 3802, 3232, 2574, 3589, 408, 305, 3015, 2810, 2818,
                          2142, 612, 3753, 406, 2572, 416, 2576, 2034, 2312, 3754, 405, 3752,
                          2313, 3106, 340, 3316, 2314, 2569, 3163, 3315, 3313, 338, 533, 404,
                          2819, 3312, 1137, 2084, 3751, 3012, 3755, 3031, 516, 3299, 337, 1138,
                          3311, 403, 189, 2316, 3448, 3303, 3462, 513, 2078, 3167, 3166, 3168,
                          2233, 3169, 3165, 3750, 2906, 502, 3734, 3135, 3170, 2577, 402, 3756,
                          2369, 3171, 3308, 2820, 1544, 1139, 1077, 811, 2237, 1074, 2364, 515,
                          3178, 2074, 2410, 2570, 2647, 3007
  Coordinates...........: (3.16148e+08,4.03619e+08)
  Semiminor axis........: 9926.60
  Semimajor axis........: 39706.40
  Angle (degrees).......: 75.00
  Shape.................: 4.00
  Time frame............: 2011-10-22_21 to 2011-10-23_3
  Number of cases.......: 27674
  Expected cases........: 15985.44
  Observed / expected...: 1.73
  Test statistic........: 3502.883468

33.Location IDs included.: 1166, 1393, 1780, 3296, 1164, 427, 2092, 1173, 1168, 2042, 3347,
                          3352, 3760, 2055, 1515, 1333, 769, 1559, 1174, 1158, 3758, 1679,
                          2609, 3254, 2607, 3439, 2834, 1560, 2959, 1990, 637, 2606, 489, 2081,
                          3467, 2082, 1989, 2958, 2039, 2605, 2963, 1188, 1394, 2611, 2964,
                          3355, 3465, 2038, 2957, 1392, 2970, 2604, 2323, 2096, 1327, 2612,
                          433, 2537, 1116, 1184, 1981, 487, 3249, 3354, 671, 2973, 2784, 1117,
                          2603, 814, 2536, 3677, 3250, 1114, 719, 1973, 3680, 434, 2954, 1185,
                          3468, 3678, 2613, 3434, 2749, 2067, 966, 1991, 2602, 2751, 1115, 457,
                          3187, 3100, 3763, 181, 3193, 1169, 2616, 3192, 292, 37, 1113, 3674,
                          2601, 432, 3679, 466, 1274, 1112, 1111, 490, 1959, 732, 3034, 1179,
                          1988, 2981, 38, 1786, 2538, 3673, 3375, 691
  Coordinates...........: (3.16235e+08,4.03532e+08)
  Semiminor axis........: 9905.09
  Semimajor axis........: 49525.46
  Angle (degrees).......: -48.00
  Shape.................: 5.00
  Time frame............: 2011-10-28_21 to 2011-10-29_3
  Number of cases.......: 11273
  Expected cases........: 22476.52
  Observed / expected...: 0.50
  Test statistic........: 3427.716593

34.Location IDs included.: 439, 2558, 2280, 771, 820, 2656, 272, 827, 1904, 1944, 1238, 2335,
                          1250, 163, 2198, 409, 1216, 3790, 1236, 3342, 3827, 1332, 1902, 1686,
                          3231, 1325, 1232, 3791, 2552, 1097, 762, 1229, 3457, 2920, 755, 450,
                          3711, 627, 3515, 438, 2559, 926, 2663, 1096, 1247, 440, 2556, 1225,
                          1792, 1249, 2667, 2635, 2927, 754, 547, 3609, 1256, 1326, 1015, 2670,
                          925, 2779, 2547, 614, 1243, 3343, 2390, 731, 888, 1606, 2411, 1211,
                          2633, 2993, 930, 1254, 2996, 548, 1098, 411, 31, 2780, 2773, 3761,
                          162, 1212, 2988, 1340, 1252, 546, 2344, 2774, 3000, 461, 1146, 3228,
                          133, 1147, 1016, 2553, 2630, 1282, 3792, 1357, 1985, 299, 3003, 1095
  Coordinates...........: (3.16284e+08,4.03431e+08)
  Semiminor axis........: 9961.54
  Semimajor axis........: 49807.70
  Angle (degrees).......: -72.00
  Shape.................: 5.00
  Time frame............: 2011-10-15_22 to 2011-10-16_4
  Number of cases.......: 3730
  Expected cases........: 11238.31
  Observed / expected...: 0.33
  Test statistic........: 3395.875532

35.Location IDs included.: 602, 601, 417, 2686, 62, 942, 2639, 3267, 426, 939, 3287, 2640, 3269,
                          600, 712, 3288, 219, 2881, 3289, 3286, 1431, 101, 60, 788, 2690, 289,
                          789, 1429, 1953, 2638, 3265, 54, 801, 803, 2207, 2523, 1811, 599,
                          221, 1810, 1427, 1812, 1448, 634, 2637, 603, 2475, 1809, 525, 790,
                          3652, 1265, 1813, 1808, 64, 799, 1449, 3270, 2692, 1807, 276, 3277,
                          665, 3798, 2636, 3654, 2684, 13, 57, 749, 75, 791, 3797, 596, 3780,
                          2037, 604, 3651, 1120, 798, 1906, 792, 1585, 1433, 3284, 748, 3290,
                          3268, 3655, 275, 2634, 1558, 794, 746, 1905, 3779, 793, 699, 2007,
                          3417, 1814, 447, 3266, 66, 3796, 3042, 698, 2743, 796, 2695, 700,
                          2960, 1447, 3649, 277, 3638, 797, 514, 2090, 702, 543, 2087, 3721,
                          2683, 98, 3128, 2742, 3131, 1709, 2800, 3044, 3499, 585, 1710, 1580,
                          452, 2740, 3127, 3549, 1704, 750, 3112, 1711, 595, 1064, 556, 1065,
                          727, 2288, 1399, 3741, 2031, 2065, 724, 326
  Coordinates...........: (3.16188e+08,4.03676e+08)
  Semiminor axis........: 9905.10
  Semimajor axis........: 49525.50
  Angle (degrees).......: -84.00
  Shape.................: 5.00
  Time frame............: 2011-10-13_22 to 2011-10-14_4
  Number of cases.......: 13631
  Expected cases........: 6333.23
  Observed / expected...: 2.15
  Test statistic........: 3152.258819

36.Location IDs included.: 1506, 353, 3433, 1546, 1481, 3018, 3020, 1037, 3718, 186, 2272, 1488,
                          1456, 184, 188, 3717, 3022, 3161, 3592, 2919, 3160, 2573, 413, 3162,
                          2661, 2813, 3585, 3227, 2574, 3025, 3584, 3229, 3587, 410, 3226,
                          3583, 3582, 3853, 3588, 3221, 2812, 3222, 2817, 3847, 3220, 3589,
                          3232, 3223, 408, 3821, 2662, 416, 305, 2572, 3217, 2312, 2576, 531,
                          2034, 406, 3802, 2313, 2142, 3015, 2818, 3106, 2810, 3753, 2314, 405,
                          612, 3316, 340, 2569, 3163, 3315, 3754, 3313, 338, 3752, 3312, 404,
                          533, 2084, 2819, 3031, 2316, 3448, 189, 337, 3311, 3755, 3012, 3751,
                          1137, 403, 516, 1138, 513, 3299, 2078, 2577, 1544, 1077, 3303, 502,
                          3462, 1074, 3167, 2233, 3168, 3169, 3166, 2647, 402, 2570, 3135,
                          3308, 3170, 3756, 3165, 3750
  Coordinates...........: (3.16147e+08,4.03617e+08)
  Semiminor axis........: 9409.46
  Semimajor axis........: 37637.83
  Angle (degrees).......: 75.00
  Shape.................: 4.00
  Time frame............: 2011-10-13_23 to 2011-10-14_4
  Number of cases.......: 13428
  Expected cases........: 6106.45
  Observed / expected...: 2.20
  Test statistic........: 3261.052995

37.Location IDs included.: 546, 2630, 2633, 742, 925, 2772, 2635, 1145, 1096, 3868, 762, 422,
                          163, 2402, 1904, 2654, 272, 1225, 3609, 3515, 2627, 614, 1229, 771,
                          1211, 2777, 882, 545, 3827, 2501, 1212, 1379, 1216, 924, 3211, 3198,
                          133, 2558, 2814, 974, 1792, 547, 1238, 926, 2779, 450, 1214, 1095,
                          888, 421, 1097, 1944, 689, 2773, 3228, 3231, 439, 3572, 3519, 1146,
                          1250, 1332, 162, 2653, 299, 1205, 2625, 1686, 2280, 1236, 1606, 423,
                          1080, 2552, 1203, 1232, 2624, 3530, 2547, 3197, 820, 755, 3533, 3711,
                          2655, 754, 688, 2559, 3190, 1204, 2656, 1081, 1247, 2556, 440, 3032,
                          1193, 2746, 3199, 827, 1249, 2927, 438, 1073, 3452, 1794, 136, 2688,
                          1256, 1326, 3189, 2920, 2335, 1207, 3033, 3343, 1243, 431, 1325,
                          2745, 3791, 1190
  Coordinates...........: (3.16269e+08,4.03459e+08)
  Semiminor axis........: 9978.26
  Semimajor axis........: 49891.31
  Angle (degrees).......: -60.00
  Shape.................: 5.00
  Time frame............: 2011-10-14_23 to 2011-10-15_5
  Number of cases.......: 2385
  Expected cases........: 8578.53
  Observed / expected...: 0.28
  Test statistic........: 3141.569926

38.Location IDs included.: 2630, 546, 742, 2772, 2633, 1145, 925, 3868, 2635, 422, 1096, 762,
                          2402, 2654, 163, 2627, 1904, 3609, 614, 1225, 3198, 1211, 272, 3515,
                          1212, 882, 2777, 2501, 1229, 545, 3211, 133, 3827, 974, 1379, 689,
                          1214, 771, 924, 547, 421, 1216, 2779, 1792, 888, 926, 2814, 3572,
                          2773, 3519, 450, 1238, 2625, 1146, 1097, 1095, 2558, 2653, 1205, 299,
                          1944, 3231, 3228, 1080, 423, 1203, 2624, 1332, 1250, 439, 162, 3530,
                          3197, 1686, 3533, 1236, 3190, 1606, 2655, 2280, 688, 2552, 1204,
                          1232, 1081, 2547, 3032, 755, 2746, 1193, 820, 3199, 3711, 2559, 754,
                          1073, 3452, 2688, 136, 2656, 1247, 440, 2556, 3189, 1794, 1207, 3033,
                          431, 1249, 2927, 438, 2745, 827, 1190, 1075, 1326, 1256, 2621, 2920,
                          357, 2335
  Coordinates...........: (3.16267e+08,4.03461e+08)
  Semiminor axis........: 9870.16
  Semimajor axis........: 49350.78
  Angle (degrees).......: -60.00
  Shape.................: 5.00
  Time frame............: 2011-10-21_23 to 2011-10-22_5
  Number of cases.......: 2394
  Expected cases........: 8544.72
  Observed / expected...: 0.28
  Test statistic........: 3105.697130

39.Location IDs included.: 1506, 353, 3433, 1546, 1481, 3018, 3020, 1037, 3718, 186, 2272, 1488,
                          1456, 184, 188, 3717, 3022, 3161, 3592, 2919, 3160, 2573, 413, 3162,
                          2661, 2813, 3585, 3227, 2574, 3025, 3584, 3229, 3587, 410, 3226,
                          3583, 3582, 3853, 3588, 3221, 2812, 3222, 2817, 3847, 3220, 3589,
                          3232, 3223, 408, 3821, 2662, 416, 305, 2572, 3217, 2312, 2576, 531,
                          2034, 406, 3802, 2313, 2142, 3015, 2818, 3106, 2810, 3753, 2314, 405,
                          612, 3316, 340, 2569, 3163, 3315, 3754, 3313, 338, 3752, 3312, 404,
                          533, 2084, 2819, 3031, 2316, 3448, 189, 337, 3311, 3755, 3012, 3751,
                          1137, 403, 516, 1138, 513, 3299, 2078, 2577, 1544, 1077, 3303, 502,
                          3462, 1074, 3167, 2233, 3168, 3169, 3166, 2647
  Coordinates...........: (3.16147e+08,4.03617e+08)
  Semiminor axis........: 9261.44
  Semimajor axis........: 37045.74
  Angle (degrees).......: 75.00
  Shape.................: 4.00
  Time frame............: 2011-10-6_23 to 2011-10-7_4
  Number of cases.......: 13303
  Expected cases........: 6260.37
  Observed / expected...: 2.12
  Test statistic........: 2985.792050

40.Location IDs included.: 621, 173, 167, 174, 165, 1970, 1977, 168, 1371, 1386, 172, 1339, 620,
                          169, 624, 3291, 1401, 2758, 676, 3737, 3707, 394, 2979, 2974, 2070,
                          3399, 2980, 1338, 3811, 3132, 2972, 2982, 3862, 3324, 3145, 2971,
                          2984, 618, 3705, 3146, 2079, 884
  Coordinates...........: (3.16161e+08,4.03504e+08)
  Semiminor axis........: 7124.66
  Semimajor axis........: 35623.28
  Angle (degrees).......: -72.00
  Shape.................: 5.00
  Time frame............: 2011-10-16_8 to 2011-10-16_14
  Number of cases.......: 4807
  Expected cases........: 1259.78
  Observed / expected...: 3.82
  Test statistic........: 2890.336756

Processor :